3,1,772.68,455.43,41.87,127.61,1,-1,-1,-1
3,2,720.36,454.40,42.67,129.91,1,-1,-1,-1
3,3,229.88,464.76,22.40,69.25,1,-1,-1,-1
4,1,772.68,455.43,41.87,127.61,1,-1,-1,-1
4,2,721.21,461.97,41.91,127.60,1,-1,-1,-1
4,3,228.21,464.15,23.25,71.85,1,-1,-1,-1
5,1,772.88,459.09,44.07,134.30,1,-1,-1,-1
5,2,721.43,464.29,41.71,127.00,1,-1,-1,-1
5,3,228.12,464.02,21.32,65.90,1,-1,-1,-1
6,1,770.41,455.91,47.06,143.40,1,-1,-1,-1
6,2,719.02,455.79,43.85,133.53,1,-1,-1,-1
6,3,226.61,464.76,21.70,67.08,1,-1,-1,-1
7,1,771.77,461.33,43.96,133.95,1,-1,-1,-1
7,2,720.52,461.52,42.52,129.48,1,-1,-1,-1
7,3,227.56,464.26,20.79,64.27,1,-1,-1,-1
8,1,778.26,463.48,42.64,129.93,1,-1,-1,-1
8,2,725.07,454.85,44.12,134.35,1,-1,-1,-1
8,3,226.49,464.82,21.52,66.53,1,-1,-1,-1
9,1,780.56,464.20,42.16,128.46,1,-1,-1,-1
9,2,726.67,452.48,44.69,136.07,1,-1,-1,-1
9,3,226.13,465.01,21.78,67.32,1,-1,-1,-1
9,10,1028.29,460.18,62.21,188.57,1,-1,-1,-1
10,1,781.37,464.42,41.98,127.92,1,-1,-1,-1
10,2,727.23,451.59,44.90,136.72,1,-1,-1,-1
10,3,226.01,465.08,21.88,67.63,1,-1,-1,-1
10,10,1028.27,456.26,63.81,193.44,1,-1,-1,-1
11,1,781.62,464.46,41.91,127.72,1,-1,-1,-1
11,2,727.40,451.26,44.98,136.94,1,-1,-1,-1
11,3,225.98,465.10,21.92,67.76,1,-1,-1,-1
11,10,1028.15,455.06,64.31,194.94,1,-1,-1,-1
12,1,782.26,462.09,43.91,133.80,1,-1,-1,-1
12,2,727.43,451.15,45.00,137.01,1,-1,-1,-1
12,3,222.94,465.11,21.94,67.82,1,-1,-1,-1
12,10,1037.14,454.80,64.41,195.25,1,-1,-1,-1
13,1,782.48,461.20,44.65,136.03,1,-1,-1,-1
13,2,727.41,451.13,45.00,137.02,1,-1,-1,-1
13,3,222.59,461.87,24.15,74.63,1,-1,-1,-1
13,10,1040.34,454.84,64.40,195.20,1,-1,-1,-1
14,1,787.55,463.14,42.94,130.85,1,-1,-1,-1
14,2,729.27,452.95,47.14,143.53,1,-1,-1,-1
14,3,221.71,463.80,22.84,70.60,1,-1,-1,-1
14,10,1042.89,453.03,65.14,197.45,1,-1,-1,-1
15,1,789.48,463.88,42.27,128.79,1,-1,-1,-1
15,2,734.01,451.85,45.84,139.56,1,-1,-1,-1
15,3,221.39,464.61,22.29,68.89,1,-1,-1,-1
15,10,1045.67,458.72,68.04,206.25,1,-1,-1,-1
16,1,790.15,458.45,42.01,128.02,1,-1,-1,-1
16,2,735.85,457.47,45.31,137.94,1,-1,-1,-1
16,3,221.30,464.92,22.08,68.25,1,-1,-1,-1
16,10,1048.25,457.94,69.08,209.39,1,-1,-1,-1
17,1,790.36,456.42,41.92,127.73,1,-1,-1,-1
17,2,736.49,459.58,45.10,137.31,1,-1,-1,-1
17,3,220.01,464.33,21.02,64.97,1,-1,-1,-1
17,10,1053.07,456.14,65.32,198.00,1,-1,-1,-1
18,1,790.40,461.31,41.88,127.63,1,-1,-1,-1
18,2,737.70,460.12,45.17,137.52,1,-1,-1,-1
18,3,220.84,464.82,21.62,66.82,1,-1,-1,-1
18,10,1058.46,449.37,67.74,205.32,1,-1,-1,-1
18,14,489.75,455.43,41.82,127.61,1,-1,-1,-1
19,1,791.36,460.84,43.87,133.65,1,-1,-1,-1
19,2,738.48,463.25,42.67,129.91,1,-1,-1,-1
19,3,218.63,464.23,22.88,70.72,1,-1,-1,-1
19,10,1060.30,447.10,68.56,207.78,1,-1,-1,-1
19,14,489.23,456.21,39.87,121.65,1,-1,-1,-1
20,1,791.69,460.66,44.60,135.90,1,-1,-1,-1
20,2,737.27,455.30,44.17,134.50,1,-1,-1,-1
20,3,217.80,464.01,23.36,72.19,1,-1,-1,-1
20,10,1061.75,437.95,72.08,218.43,1,-1,-1,-1
20,14,489.59,455.44,41.24,125.81,1,-1,-1,-1
21,1,790.27,456.43,46.99,143.16,1,-1,-1,-1
21,2,732.17,466.82,40.84,124.38,1,-1,-1,-1
21,3,217.02,464.68,22.51,69.57,1,-1,-1,-1
21,10,1070.30,442.71,70.22,212.80,1,-1,-1,-1
21,14,489.71,455.20,41.69,127.19,1,-1,-1,-1
22,1,791.20,453.06,45.83,139.59,1,-1,-1,-1
22,2,741.20,462.88,43.50,132.47,1,-1,-1,-1
22,3,216.75,464.94,22.17,68.52,1,-1,-1,-1
22,10,1073.56,444.74,69.43,210.39,1,-1,-1,-1
22,14,494.73,456.23,39.91,121.75,1,-1,-1,-1
23,1,796.16,454.42,43.36,132.08,1,-1,-1,-1
23,2,744.33,455.58,44.42,135.27,1,-1,-1,-1
23,3,216.67,465.04,22.05,68.13,1,-1,-1,-1
23,10,1074.68,445.56,69.11,209.41,1,-1,-1,-1
23,14,496.58,456.66,39.24,119.71,1,-1,-1,-1
24,1,798.02,460.66,42.40,129.17,1,-1,-1,-1
24,2,746.52,460.96,42.81,130.38,1,-1,-1,-1
24,3,216.09,465.07,22.04,68.10,1,-1,-1,-1
24,10,1079.04,451.89,65.95,199.84,1,-1,-1,-1
24,14,498.11,455.74,40.94,124.89,1,-1,-1,-1
25,1,798.94,456.38,46.21,140.74,1,-1,-1,-1
25,2,747.30,463.08,42.18,128.46,1,-1,-1,-1
25,10,1085.70,448.30,67.78,205.39,1,-1,-1,-1
25,14,498.63,455.42,41.55,126.75,1,-1,-1,-1
26,1,800.36,458.91,45.51,138.63,1,-1,-1,-1
26,2,747.55,463.85,41.95,127.76,1,-1,-1,-1
26,10,1091.50,452.94,65.44,198.30,1,-1,-1,-1
26,14,498.78,455.32,41.78,127.45,1,-1,-1,-1
27,1,800.86,459.95,45.22,137.72,1,-1,-1,-1
27,2,747.60,464.12,41.86,127.51,1,-1,-1,-1
27,10,1090.08,457.96,67.57,204.75,1,-1,-1,-1
27,14,498.79,455.29,41.87,127.70,1,-1,-1,-1
28,1,799.91,456.15,47.22,143.80,1,-1,-1,-1
28,2,746.54,461.89,43.83,133.50,1,-1,-1,-1
28,10,1098.58,459.80,68.35,207.11,1,-1,-1,-1
28,14,503.16,456.32,40.03,122.11,1,-1,-1,-1
29,1,800.62,458.85,45.88,139.73,1,-1,-1,-1
29,2,746.13,461.06,44.56,135.72,1,-1,-1,-1
29,10,1101.74,460.50,68.64,207.99,1,-1,-1,-1
29,14,504.79,456.73,39.33,119.95,1,-1,-1,-1
30,1,805.09,462.24,43.35,132.01,1,-1,-1,-1
30,2,748.66,456.57,46.95,142.99,1,-1,-1,-1
30,10,1105.64,453.08,71.97,218.05,1,-1,-1,-1
30,14,505.35,456.89,39.07,119.17,1,-1,-1,-1
31,1,806.74,463.52,42.37,129.05,1,-1,-1,-1
31,2,752.78,458.96,45.78,139.42,1,-1,-1,-1
31,10,1116.58,450.28,73.22,221.82,1,-1,-1,-1
31,14,506.53,456.83,38.91,118.69,1,-1,-1,-1
32,1,807.31,463.98,42.02,127.98,1,-1,-1,-1
32,2,754.37,453.93,45.30,137.95,1,-1,-1,-1
32,10,1120.73,449.19,73.69,223.24,1,-1,-1,-1
32,14,505.59,456.95,38.96,118.83,1,-1,-1,-1
33,1,809.29,461.81,43.89,133.68,1,-1,-1,-1
33,2,751.68,453.85,47.24,143.84,1,-1,-1,-1
33,10,1127.74,456.40,70.66,214.04,1,-1,-1,-1
33,14,506.56,456.92,38.82,118.41,1,-1,-1,-1
34,1,810.00,461.01,44.58,135.78,1,-1,-1,-1
34,2,754.48,454.70,43.93,133.77,1,-1,-1,-1
34,10,1134.48,451.47,72.71,220.23,1,-1,-1,-1
34,14,506.70,452.49,43.54,132.79,1,-1,-1,-1
35,1,810.23,460.69,44.85,136.59,1,-1,-1,-1
35,2,755.53,455.07,42.58,129.66,1,-1,-1,-1
35,10,1136.90,449.67,73.46,222.49,1,-1,-1,-1
35,14,511.07,455.23,40.74,124.27,1,-1,-1,-1
36,1,809.60,456.39,47.07,143.33,1,-1,-1,-1
36,2,755.89,455.22,42.09,128.18,1,-1,-1,-1
36,10,1137.68,448.98,73.73,223.31,1,-1,-1,-1
36,14,512.75,456.35,39.62,120.83,1,-1,-1,-1
37,1,809.35,454.77,47.90,145.86,1,-1,-1,-1
37,2,745.35,403.56,59.35,180.65,1,-1,-1,-1
37,3,203.28,460.58,21.98,67.92,1,-1,-1,-1
37,10,1137.83,448.73,73.82,223.58,1,-1,-1,-1
37,14,513.33,456.76,39.20,119.57,1,-1,-1,-1
38,1,813.64,460.55,44.18,134.52,1,-1,-1,-1
38,2,755.98,429.05,51.64,157.20,1,-1,-1,-1
38,3,202.76,459.41,23.08,71.31,1,-1,-1,-1
38,10,1137.75,448.65,73.85,223.64,1,-1,-1,-1
38,14,513.51,456.91,39.05,119.11,1,-1,-1,-1
39,1,815.29,462.88,42.67,129.93,1,-1,-1,-1
39,2,758.43,444.40,49.71,151.29,1,-1,-1,-1
39,3,202.57,459.03,23.44,72.40,1,-1,-1,-1
39,10,1147.28,448.64,73.84,223.62,1,-1,-1,-1
39,14,515.16,455.94,40.85,124.61,1,-1,-1,-1
40,1,815.85,463.71,42.12,128.28,1,-1,-1,-1
40,2,762.14,454.23,46.86,142.63,1,-1,-1,-1
40,3,201.67,456.26,24.69,76.24,1,-1,-1,-1
40,10,1155.08,456.31,70.60,213.82,1,-1,-1,-1
40,14,515.76,455.58,41.53,126.65,1,-1,-1,-1
41,1,818.24,461.68,43.93,133.78,1,-1,-1,-1
41,2,763.10,453.19,47.32,144.03,1,-1,-1,-1
41,3,200.87,455.73,24.90,76.86,1,-1,-1,-1
41,10,1163.40,451.48,72.62,219.91,1,-1,-1,-1
41,14,519.53,456.45,39.95,121.86,1,-1,-1,-1
42,1,819.10,460.93,44.59,135.80,1,-1,-1,-1
42,2,763.81,458.57,45.60,138.81,1,-1,-1,-1
42,10,1166.37,449.73,73.35,222.12,1,-1,-1,-1
42,14,520.94,456.80,39.33,119.97,1,-1,-1,-1
43,1,819.38,460.64,44.85,136.58,1,-1,-1,-1
43,2,764.06,459.70,45.25,137.75,1,-1,-1,-1
43,10,1167.36,449.06,73.63,222.95,1,-1,-1,-1
43,14,522.27,456.80,39.27,119.79,1,-1,-1,-1
43,23,1767.30,446.86,84.74,256.23,1,-1,-1,-1
44,1,819.45,460.53,44.95,136.87,1,-1,-1,-1
44,2,764.14,460.10,45.13,137.37,1,-1,-1,-1
44,10,1167.58,448.81,73.73,223.24,1,-1,-1,-1
44,23,1764.86,446.86,84.74,256.23,1,-1,-1,-1
45,1,819.20,456.31,47.10,143.41,1,-1,-1,-1
45,2,764.15,460.26,45.08,137.22,1,-1,-1,-1
45,10,1177.29,448.73,73.75,223.32,1,-1,-1,-1
46,1,819.32,458.83,45.83,139.53,1,-1,-1,-1
46,2,770.14,460.33,45.05,137.14,1,-1,-1,-1
46,10,1180.86,448.71,73.76,223.33,1,-1,-1,-1
46,14,528.66,456.98,39.02,119.03,1,-1,-1,-1
46,24,731.72,471.89,26.78,82.44,1,-1,-1,-1
47,1,819.08,455.66,47.44,144.41,1,-1,-1,-1
47,2,772.39,460.36,45.04,137.09,1,-1,-1,-1
47,10,1185.21,448.42,73.98,224.01,1,-1,-1,-1
47,14,530.19,456.99,38.96,118.83,1,-1,-1,-1
47,24,730.75,470.52,27.24,83.86,1,-1,-1,-1
48,1,818.98,454.48,48.03,146.22,1,-1,-1,-1
48,2,773.20,460.38,45.03,137.06,1,-1,-1,-1
48,14,532.42,455.77,41.21,125.69,1,-1,-1,-1
48,24,730.47,470.12,27.38,84.27,1,-1,-1,-1
49,1,825.27,454.04,48.26,146.89,1,-1,-1,-1
49,2,773.46,460.39,45.02,137.04,1,-1,-1,-1
49,14,533.09,455.51,41.67,127.09,1,-1,-1,-1
49,24,730.42,470.05,27.40,84.34,1,-1,-1,-1
50,1,827.67,453.88,48.34,147.12,1,-1,-1,-1
50,2,773.52,460.40,45.01,137.02,1,-1,-1,-1
50,14,534.23,458.70,43.81,133.59,1,-1,-1,-1
50,23,1666.36,446.86,84.74,256.23,1,-1,-1,-1
50,24,730.44,470.08,27.39,84.31,1,-1,-1,-1
51,1,831.36,460.29,44.28,134.78,1,-1,-1,-1
51,2,773.51,460.41,45.00,137.00,1,-1,-1,-1
51,10,1209.45,448.70,73.75,223.31,1,-1,-1,-1
51,14,533.92,455.80,46.69,142.33,1,-1,-1,-1
51,23,1661.44,446.86,84.74,256.23,1,-1,-1,-1
51,24,733.12,473.86,26.12,80.40,1,-1,-1,-1
52,1,829.62,460.46,44.70,136.08,1,-1,-1,-1
52,2,772.62,449.88,49.41,150.38,1,-1,-1,-1
52,10,1211.50,448.76,73.71,223.18,1,-1,-1,-1
52,14,534.48,458.72,45.76,139.47,1,-1,-1,-1
52,23,1648.24,446.86,84.74,256.23,1,-1,-1,-1
52,24,734.15,475.32,25.63,78.90,1,-1,-1,-1
53,1,829.19,456.31,46.99,143.03,1,-1,-1,-1
53,2,777.00,452.12,48.83,148.63,1,-1,-1,-1
53,10,1217.71,436.21,80.93,244.99,1,-1,-1,-1
53,14,533.90,455.76,47.46,144.63,1,-1,-1,-1
53,23,1636.78,431.53,88.79,268.46,1,-1,-1,-1
53,24,734.52,475.84,25.46,78.36,1,-1,-1,-1
54,1,834.73,458.89,45.75,139.26,1,-1,-1,-1
54,2,780.69,457.25,46.47,141.42,1,-1,-1,-1
54,10,1220.00,431.65,83.56,252.91,1,-1,-1,-1
54,14,538.94,455.52,44.09,134.36,1,-1,-1,-1
54,23,1628.45,440.87,86.33,261.01,1,-1,-1,-1
54,24,734.66,476.03,25.39,78.15,1,-1,-1,-1
55,1,836.87,459.93,45.25,137.73,1,-1,-1,-1
55,2,782.07,459.28,45.53,138.57,1,-1,-1,-1
55,10,1217.88,426.05,88.48,267.77,1,-1,-1,-1
55,14,540.90,455.43,42.70,130.13,1,-1,-1,-1
55,23,1617.41,440.30,86.48,261.47,1,-1,-1,-1
56,1,838.25,456.10,47.20,143.65,1,-1,-1,-1
56,2,782.54,460.03,45.18,137.51,1,-1,-1,-1
56,10,1221.93,424.22,89.69,271.43,1,-1,-1,-1
56,14,544.09,456.43,40.32,122.89,1,-1,-1,-1
57,1,838.74,454.69,47.92,145.84,1,-1,-1,-1
57,2,782.68,460.32,45.04,137.10,1,-1,-1,-1
57,3,175.83,464.72,22.11,68.29,1,-1,-1,-1
57,14,544.04,452.99,43.34,132.09,1,-1,-1,-1
57,24,729.50,469.68,30.71,94.47,1,-1,-1,-1
58,1,838.88,454.15,48.20,146.67,1,-1,-1,-1
58,2,782.70,460.42,44.99,136.95,1,-1,-1,-1
58,3,174.44,465.04,22.02,68.01,1,-1,-1,-1
58,10,1226.01,443.58,77.10,233.34,1,-1,-1,-1
58,14,543.73,453.56,46.50,141.67,1,-1,-1,-1
58,24,730.14,470.03,28.69,88.25,1,-1,-1,-1
59,1,838.89,453.95,48.30,146.97,1,-1,-1,-1
59,2,788.68,460.46,44.97,136.89,1,-1,-1,-1
59,10,1215.90,447.25,74.71,226.12,1,-1,-1,-1
59,14,543.58,453.78,47.72,145.38,1,-1,-1,-1
59,24,733.00,473.84,26.61,81.87,1,-1,-1,-1
60,1,838.85,453.89,48.33,147.06,1,-1,-1,-1
60,2,790.91,460.48,44.96,136.87,1,-1,-1,-1
60,10,1212.95,448.35,74.00,223.96,1,-1,-1,-1
60,14,543.46,453.88,48.20,146.82,1,-1,-1,-1
60,24,731.47,471.59,27.07,83.28,1,-1,-1,-1
61,1,838.80,453.88,48.33,147.08,1,-1,-1,-1
61,2,790.73,462.79,42.97,130.82,1,-1,-1,-1
61,10,1215.02,448.52,73.90,223.66,1,-1,-1,-1
61,14,547.88,454.81,44.33,135.03,1,-1,-1,-1
61,24,731.27,471.32,27.18,83.62,1,-1,-1,-1
62,1,844.10,458.06,46.21,140.62,1,-1,-1,-1
62,2,790.01,457.06,46.40,141.23,1,-1,-1,-1
62,14,549.57,460.91,42.76,130.26,1,-1,-1,-1
62,23,1544.18,446.33,84.88,256.65,1,-1,-1,-1
63,1,846.10,453.60,45.38,138.11,1,-1,-1,-1
63,2,791.27,459.12,45.54,138.61,1,-1,-1,-1
63,14,545.50,456.51,46.36,141.20,1,-1,-1,-1
63,23,1529.10,446.74,84.78,256.33,1,-1,-1,-1
64,1,847.86,453.78,47.23,143.72,1,-1,-1,-1
64,2,791.70,459.96,45.18,137.54,1,-1,-1,-1
64,14,550.31,454.95,47.65,145.11,1,-1,-1,-1
64,23,1527.98,474.33,74.19,224.38,1,-1,-1,-1
64,24,729.06,469.06,30.90,95.00,1,-1,-1,-1
65,1,848.49,453.86,47.91,145.78,1,-1,-1,-1
65,2,791.83,460.28,45.04,137.12,1,-1,-1,-1
65,14,552.20,454.32,48.16,146.63,1,-1,-1,-1
65,23,1521.85,478.19,73.54,222.43,1,-1,-1,-1
65,24,729.43,481.57,26.35,81.05,1,-1,-1,-1
66,1,853.59,458.06,46.06,140.15,1,-1,-1,-1
66,2,791.84,460.41,44.99,136.96,1,-1,-1,-1
66,14,552.77,458.22,46.24,140.80,1,-1,-1,-1
66,23,1509.44,442.59,84.81,256.50,1,-1,-1,-1
66,24,729.29,485.20,25.71,79.08,1,-1,-1,-1
67,1,851.52,447.64,52.26,159.00,1,-1,-1,-1
67,2,790.84,473.96,42.99,130.87,1,-1,-1,-1
67,14,552.93,459.76,45.47,138.45,1,-1,-1,-1
67,23,1495.31,444.71,84.91,256.79,1,-1,-1,-1
67,24,729.55,487.71,24.34,74.90,1,-1,-1,-1
68,1,854.59,455.34,47.92,145.79,1,-1,-1,-1
68,2,791.61,475.20,42.82,130.36,1,-1,-1,-1
68,14,553.08,456.11,47.32,144.05,1,-1,-1,-1
68,23,1512.32,445.69,84.93,256.83,1,-1,-1,-1
68,24,730.28,476.48,26.24,80.74,1,-1,-1,-1
69,1,855.77,458.71,46.01,140.00,1,-1,-1,-1
69,2,798.70,464.00,44.44,135.29,1,-1,-1,-1
69,14,553.12,454.76,48.00,146.12,1,-1,-1,-1
69,23,1508.10,446.11,84.92,256.81,1,-1,-1,-1
69,24,730.54,472.55,26.91,82.79,1,-1,-1,-1
70,1,856.16,459.93,45.31,137.88,1,-1,-1,-1
70,2,799.22,457.45,46.93,142.87,1,-1,-1,-1
70,14,553.10,454.24,48.26,146.89,1,-1,-1,-1
70,23,1500.46,445.25,85.24,257.76,1,-1,-1,-1
70,24,730.64,471.02,27.18,83.59,1,-1,-1,-1
71,1,856.27,460.38,45.06,137.10,1,-1,-1,-1
71,2,799.41,455.09,47.83,145.60,1,-1,-1,-1
71,14,556.77,454.93,44.27,134.77,1,-1,-1,-1
71,24,730.68,470.45,27.27,83.89,1,-1,-1,-1
72,1,857.76,456.32,47.11,143.34,1,-1,-1,-1
72,2,800.60,454.42,48.11,146.45,1,-1,-1,-1
72,14,560.34,458.61,44.71,136.13,1,-1,-1,-1
72,24,730.70,470.25,27.31,83.99,1,-1,-1,-1
73,1,858.29,454.81,47.87,145.65,1,-1,-1,-1
73,2,802.94,454.63,50.91,154.94,1,-1,-1,-1
73,10,1304.53,424.30,90.40,273.51,1,-1,-1,-1
73,14,562.16,455.70,47.01,143.09,1,-1,-1,-1
73,24,730.71,470.20,27.32,84.02,1,-1,-1,-1
74,1,862.94,458.38,46.05,140.12,1,-1,-1,-1
74,2,804.21,454.03,51.39,156.40,1,-1,-1,-1
74,10,1310.36,422.94,91.32,276.32,1,-1,-1,-1
74,14,558.33,454.29,52.51,159.79,1,-1,-1,-1
74,24,730.71,470.20,27.32,84.02,1,-1,-1,-1
75,1,864.69,459.79,45.33,137.94,1,-1,-1,-1
75,2,807.89,453.91,49.10,149.40,1,-1,-1,-1
75,14,561.22,454.07,50.10,152.46,1,-1,-1,-1
75,23,1422.64,448.22,74.76,226.12,1,-1,-1,-1
75,24,730.72,470.22,27.32,84.01,1,-1,-1,-1
76,1,865.29,460.31,45.06,137.14,1,-1,-1,-1
76,2,808.87,453.82,48.60,147.88,1,-1,-1,-1
76,14,561.12,454.55,51.31,156.13,1,-1,-1,-1
76,23,1408.58,434.76,81.80,247.41,1,-1,-1,-1
76,24,730.72,470.24,27.32,84.00,1,-1,-1,-1
77,1,865.47,460.50,44.97,136.85,1,-1,-1,-1
77,2,806.38,446.05,53.17,161.74,1,-1,-1,-1
77,14,561.07,454.73,51.76,157.47,1,-1,-1,-1
77,23,1401.96,443.30,76.63,231.78,1,-1,-1,-1
77,24,730.72,470.27,27.31,83.98,1,-1,-1,-1
78,1,867.42,456.35,47.07,143.24,1,-1,-1,-1
78,2,811.48,451.20,52.48,159.63,1,-1,-1,-1
78,14,561.02,454.80,51.92,157.94,1,-1,-1,-1
78,23,1391.53,442.71,76.27,230.70,1,-1,-1,-1
78,24,730.72,470.29,27.31,83.97,1,-1,-1,-1
79,1,867.40,448.55,50.10,152.44,1,-1,-1,-1
79,2,810.80,462.91,47.80,145.42,1,-1,-1,-1
79,14,567.58,458.43,47.61,144.84,1,-1,-1,-1
79,23,1374.69,445.83,82.81,250.46,1,-1,-1,-1
79,24,730.72,470.31,27.31,83.96,1,-1,-1,-1
80,1,868.07,451.73,49.05,149.24,1,-1,-1,-1
80,2,816.61,461.39,45.93,139.74,1,-1,-1,-1
80,14,571.13,462.16,48.06,146.21,1,-1,-1,-1
80,23,1369.69,446.42,84.16,254.55,1,-1,-1,-1
80,24,730.72,470.33,27.31,83.95,1,-1,-1,-1
81,1,868.28,453.06,48.61,147.89,1,-1,-1,-1
81,2,815.32,457.13,49.76,151.36,1,-1,-1,-1
81,14,572.38,463.48,48.22,146.69,1,-1,-1,-1
81,23,1368.08,446.65,84.67,256.07,1,-1,-1,-1
81,24,730.72,470.35,27.30,83.94,1,-1,-1,-1
82,1,867.59,447.25,50.71,154.26,1,-1,-1,-1
82,2,817.83,455.08,48.89,148.72,1,-1,-1,-1
82,14,572.02,458.09,50.56,153.78,1,-1,-1,-1
82,23,1367.79,446.74,84.85,256.62,1,-1,-1,-1
82,24,730.72,470.37,27.30,83.93,1,-1,-1,-1
83,1,872.04,455.41,47.17,143.51,1,-1,-1,-1
83,2,818.76,454.27,48.53,147.61,1,-1,-1,-1
83,14,572.63,461.84,49.19,149.63,1,-1,-1,-1
83,23,1358.88,446.64,85.25,257.81,1,-1,-1,-1
83,24,730.72,470.38,27.30,83.92,1,-1,-1,-1
84,1,873.76,458.75,45.72,139.11,1,-1,-1,-1
84,2,819.07,453.97,48.38,147.17,1,-1,-1,-1
84,14,572.02,457.42,50.92,154.88,1,-1,-1,-1
84,24,730.71,470.16,27.34,84.04,1,-1,-1,-1
85,1,874.36,459.96,45.19,137.51,1,-1,-1,-1
85,2,817.28,446.15,53.06,161.36,1,-1,-1,-1
85,14,576.28,454.90,53.97,164.13,1,-1,-1,-1
85,24,730.72,470.38,27.30,83.92,1,-1,-1,-1
86,1,874.54,460.40,45.00,136.93,1,-1,-1,-1
86,2,815.49,451.26,52.42,159.41,1,-1,-1,-1
86,14,577.89,453.94,55.14,167.66,1,-1,-1,-1
86,23,1291.00,461.52,75.35,227.91,1,-1,-1,-1
86,24,729.80,474.09,26.06,80.11,1,-1,-1,-1
87,1,874.57,460.56,44.93,136.73,1,-1,-1,-1
87,2,821.53,453.41,52.13,158.52,1,-1,-1,-1
87,14,581.07,460.20,50.96,154.95,1,-1,-1,-1
87,23,1283.17,463.44,74.04,223.96,1,-1,-1,-1
87,24,730.39,471.76,26.84,82.52,1,-1,-1,-1
88,1,876.64,456.95,49.34,150.13,1,-1,-1,-1
88,2,825.47,446.02,54.44,165.52,1,-1,-1,-1
88,14,581.92,456.75,51.56,156.77,1,-1,-1,-1
88,23,1280.46,454.04,73.63,222.74,1,-1,-1,-1
88,24,730.36,471.69,26.84,82.52,1,-1,-1,-1
89,1,881.20,459.15,46.69,142.07,1,-1,-1,-1
89,2,826.93,445.06,54.97,167.12,1,-1,-1,-1
89,14,582.22,455.51,51.78,157.42,1,-1,-1,-1
89,23,1279.77,450.63,73.49,222.34,1,-1,-1,-1
89,24,730.64,470.77,27.18,83.54,1,-1,-1,-1
90,1,883.00,460.07,45.57,138.67,1,-1,-1,-1
90,2,827.29,442.69,55.50,168.71,1,-1,-1,-1
90,14,579.97,454.16,54.29,165.03,1,-1,-1,-1
90,23,1279.87,449.35,73.45,222.24,1,-1,-1,-1
90,24,730.70,470.55,27.25,83.78,1,-1,-1,-1
91,1,886.42,456.17,47.31,143.94,1,-1,-1,-1
91,2,827.52,442.02,55.69,169.25,1,-1,-1,-1
91,14,581.38,454.52,52.84,160.62,1,-1,-1,-1
91,23,1280.23,448.89,73.45,222.25,1,-1,-1,-1
91,24,730.72,470.48,27.28,83.86,1,-1,-1,-1
92,1,887.65,454.74,47.94,145.87,1,-1,-1,-1
92,2,827.59,441.79,55.75,169.44,1,-1,-1,-1
92,14,581.88,454.68,52.24,158.79,1,-1,-1,-1
92,23,1280.65,448.73,73.46,222.30,1,-1,-1,-1
92,24,730.73,470.45,27.29,83.89,1,-1,-1,-1
93,1,888.27,454.74,50.45,153.47,1,-1,-1,-1
93,2,834.85,449.38,51.08,155.25,1,-1,-1,-1
93,14,583.03,451.31,57.08,173.46,1,-1,-1,-1
93,23,1281.07,448.68,73.48,222.35,1,-1,-1,-1
93,24,730.73,470.45,27.29,83.90,1,-1,-1,-1
94,1,894.56,454.21,49.17,149.58,1,-1,-1,-1
94,2,837.63,452.43,49.21,149.59,1,-1,-1,-1
94,14,583.44,450.08,58.86,178.85,1,-1,-1,-1
94,23,1271.60,448.68,73.49,222.41,1,-1,-1,-1
94,24,730.73,470.45,27.29,83.90,1,-1,-1,-1
95,1,897.00,454.01,48.64,147.97,1,-1,-1,-1
95,2,838.58,453.52,48.54,147.56,1,-1,-1,-1
95,14,583.57,449.60,59.56,180.94,1,-1,-1,-1
95,23,1268.24,448.69,73.51,222.46,1,-1,-1,-1
95,24,730.73,470.46,27.29,83.90,1,-1,-1,-1
96,1,897.86,453.94,48.43,147.34,1,-1,-1,-1
96,2,836.74,454.49,50.61,153.85,1,-1,-1,-1
96,14,587.59,451.93,57.24,173.89,1,-1,-1,-1
96,23,1267.18,448.70,73.52,222.51,1,-1,-1,-1
96,24,730.73,470.46,27.29,83.89,1,-1,-1,-1
97,1,898.12,453.92,48.35,147.09,1,-1,-1,-1
97,2,838.18,446.62,53.80,163.52,1,-1,-1,-1
97,14,589.12,452.87,56.30,171.01,1,-1,-1,-1
97,23,1278.56,461.82,67.25,203.55,1,-1,-1,-1
97,24,730.73,470.47,27.29,83.89,1,-1,-1,-1
98,1,898.17,453.93,48.32,146.98,1,-1,-1,-1
98,2,843.92,455.26,48.32,146.87,1,-1,-1,-1
98,14,591.50,454.12,53.48,162.47,1,-1,-1,-1
98,23,1281.53,453.35,71.34,215.93,1,-1,-1,-1
98,24,730.73,470.47,27.29,83.89,1,-1,-1,-1
99,1,898.13,453.93,48.30,146.93,1,-1,-1,-1
99,2,842.66,472.84,43.97,133.69,1,-1,-1,-1
99,14,590.49,453.71,54.88,166.71,1,-1,-1,-1
99,23,1280.95,458.09,69.52,210.43,1,-1,-1,-1
99,24,730.74,470.40,27.31,83.94,1,-1,-1,-1
100,1,904.49,453.95,48.29,146.90,1,-1,-1,-1
100,2,842.14,479.13,42.41,128.98,1,-1,-1,-1
100,14,590.11,453.56,55.39,168.24,1,-1,-1,-1
100,23,1277.82,458.58,69.07,209.09,1,-1,-1,-1
100,24,730.73,470.47,27.29,83.89,1,-1,-1,-1
101,1,906.86,453.96,48.29,146.88,1,-1,-1,-1
101,2,841.92,481.27,41.88,127.39,1,-1,-1,-1
101,14,597.28,453.50,55.58,168.80,1,-1,-1,-1
101,23,1224.47,451.12,72.53,219.57,1,-1,-1,-1
101,24,730.74,470.41,27.31,83.93,1,-1,-1,-1
102,1,907.70,453.97,48.28,146.87,1,-1,-1,-1
102,2,844.68,464.36,48.28,146.83,1,-1,-1,-1
102,14,599.99,453.49,55.64,168.99,1,-1,-1,-1
102,23,1212.39,449.54,73.24,221.71,1,-1,-1,-1
102,24,730.73,470.48,27.29,83.88,1,-1,-1,-1
103,1,907.95,453.97,48.28,146.85,1,-1,-1,-1
103,2,845.67,458.46,50.51,153.62,1,-1,-1,-1
103,14,597.43,450.95,58.28,176.98,1,-1,-1,-1
103,23,1207.68,453.53,67.25,203.61,1,-1,-1,-1
103,24,729.46,469.38,30.05,92.32,1,-1,-1,-1
104,1,907.99,453.98,48.28,146.84,1,-1,-1,-1
104,2,846.02,456.04,51.43,156.39,1,-1,-1,-1
104,14,596.44,450.00,59.26,179.96,1,-1,-1,-1
104,23,1196.76,450.38,71.38,216.11,1,-1,-1,-1
104,24,729.01,469.00,31.00,95.22,1,-1,-1,-1
105,1,910.33,458.18,46.14,140.37,1,-1,-1,-1
105,2,847.18,455.43,51.83,157.61,1,-1,-1,-1
105,14,596.01,449.63,59.64,181.08,1,-1,-1,-1
105,23,1192.91,449.30,72.81,220.42,1,-1,-1,-1
105,24,732.54,470.05,27.57,84.71,1,-1,-1,-1
106,1,908.74,455.53,47.49,144.46,1,-1,-1,-1
106,2,854.20,454.89,51.86,157.70,1,-1,-1,-1
106,14,599.32,452.03,57.18,173.60,1,-1,-1,-1
106,23,1182.06,448.88,73.36,222.10,1,-1,-1,-1
106,24,733.99,470.49,26.14,80.33,1,-1,-1,-1
107,1,908.14,454.57,47.98,145.94,1,-1,-1,-1
107,2,855.98,454.70,51.91,157.84,1,-1,-1,-1
107,14,604.97,450.41,58.84,178.64,1,-1,-1,-1
107,23,1178.16,448.74,73.58,222.74,1,-1,-1,-1
107,24,734.25,470.47,26.04,80.01,1,-1,-1,-1
108,1,910.24,458.38,46.04,140.07,1,-1,-1,-1
108,2,856.60,454.64,51.93,157.89,1,-1,-1,-1
108,14,601.57,445.44,62.23,188.89,1,-1,-1,-1
108,23,1176.92,448.69,73.65,222.98,1,-1,-1,-1
108,24,734.60,470.67,25.54,78.50,1,-1,-1,-1
109,1,915.11,455.60,47.45,144.35,1,-1,-1,-1
109,2,852.58,446.40,54.36,165.25,1,-1,-1,-1
109,14,605.61,447.87,60.78,184.49,1,-1,-1,-1
109,23,1166.93,448.69,73.68,223.06,1,-1,-1,-1
109,24,734.71,470.72,25.42,78.14,1,-1,-1,-1
110,1,916.87,454.59,47.97,145.91,1,-1,-1,-1
110,2,855.19,451.41,52.88,160.75,1,-1,-1,-1
110,14,607.18,448.88,60.17,182.62,1,-1,-1,-1
110,23,1163.36,448.70,73.69,223.08,1,-1,-1,-1
110,24,734.96,470.72,25.28,77.71,1,-1,-1,-1
111,1,919.07,454.76,50.43,153.40,1,-1,-1,-1
111,2,856.17,453.46,52.27,158.88,1,-1,-1,-1
111,14,607.73,449.27,59.93,181.88,1,-1,-1,-1
111,23,1162.23,448.71,73.69,223.08,1,-1,-1,-1
112,1,918.31,454.28,49.13,149.44,1,-1,-1,-1
112,2,864.12,453.69,49.75,151.23,1,-1,-1,-1
112,14,607.90,449.43,59.82,181.56,1,-1,-1,-1
112,23,1155.69,448.46,73.77,223.33,1,-1,-1,-1
113,1,917.93,454.09,48.60,147.82,1,-1,-1,-1
113,2,866.37,454.37,51.09,155.30,1,-1,-1,-1
113,14,607.92,449.50,59.78,181.41,1,-1,-1,-1
114,1,919.69,458.22,46.26,140.72,1,-1,-1,-1
114,2,867.16,454.62,51.58,156.77,1,-1,-1,-1
114,14,615.79,449.53,59.75,181.33,1,-1,-1,-1
115,1,926.41,459.81,45.37,138.01,1,-1,-1,-1
115,2,860.54,454.72,51.76,157.32,1,-1,-1,-1
115,14,618.74,449.55,59.74,181.28,1,-1,-1,-1
115,33,1115.16,523.76,43.60,132.74,1,-1,-1,-1
116,1,927.30,456.13,47.20,143.58,1,-1,-1,-1
116,2,864.83,454.77,51.82,157.52,1,-1,-1,-1
116,14,619.81,449.56,59.73,181.24,1,-1,-1,-1
116,23,1108.05,448.72,73.69,223.07,1,-1,-1,-1
116,24,734.74,475.72,25.37,78.00,1,-1,-1,-1
116,33,1115.69,523.74,42.59,129.65,1,-1,-1,-1
117,1,929.10,458.94,45.76,139.21,1,-1,-1,-1
117,2,866.43,454.80,51.84,157.57,1,-1,-1,-1
117,14,622.65,452.11,57.10,173.26,1,-1,-1,-1
117,23,1100.91,456.82,70.28,212.77,1,-1,-1,-1
117,24,734.86,476.10,25.30,77.79,1,-1,-1,-1
118,1,930.26,456.36,49.65,151.05,1,-1,-1,-1
118,2,867.00,454.81,51.85,157.58,1,-1,-1,-1
118,14,623.66,453.10,56.07,170.17,1,-1,-1,-1
118,23,1101.43,451.68,72.44,219.32,1,-1,-1,-1
118,24,729.95,469.70,28.39,87.28,1,-1,-1,-1
119,1,934.95,454.89,48.84,148.58,1,-1,-1,-1
119,2,870.81,453.94,54.29,164.98,1,-1,-1,-1
119,14,621.45,450.88,58.36,177.09,1,-1,-1,-1
119,23,1101.65,449.85,73.21,221.65,1,-1,-1,-1
119,24,730.34,470.16,27.75,85.30,1,-1,-1,-1
120,1,932.37,454.85,50.78,154.45,1,-1,-1,-1
120,2,872.21,453.61,55.20,167.74,1,-1,-1,-1
120,14,623.09,452.59,56.59,171.75,1,-1,-1,-1
120,23,1090.07,447.76,70.28,212.79,1,-1,-1,-1
120,24,729.10,468.60,28.79,88.46,1,-1,-1,-1
120,35,1688.05,440.31,92.49,279.26,1,-1,-1,-1
121,1,930.61,446.70,53.91,163.93,1,-1,-1,-1
121,2,872.71,453.49,55.55,168.79,1,-1,-1,-1
121,14,624.72,446.21,61.40,186.30,1,-1,-1,-1
121,23,1085.92,446.96,69.14,209.35,1,-1,-1,-1
121,24,728.64,468.02,29.17,89.63,1,-1,-1,-1
121,35,1694.70,435.85,95.77,289.15,1,-1,-1,-1
122,1,934.92,451.07,50.52,153.65,1,-1,-1,-1
122,2,876.07,454.33,53.25,161.81,1,-1,-1,-1
122,14,625.31,443.91,63.14,191.56,1,-1,-1,-1
122,23,1077.00,448.09,72.01,218.02,1,-1,-1,-1
122,24,728.46,467.80,29.32,90.07,1,-1,-1,-1
122,35,1711.56,443.55,87.64,264.63,1,-1,-1,-1
123,1,932.16,453.46,51.41,156.33,1,-1,-1,-1
123,2,877.31,454.67,52.34,159.04,1,-1,-1,-1
123,14,629.79,447.35,61.06,185.26,1,-1,-1,-1
123,23,1073.83,448.50,73.06,221.20,1,-1,-1,-1
123,24,728.41,467.73,29.37,90.22,1,-1,-1,-1
123,35,1720.31,444.85,84.91,256.39,1,-1,-1,-1
124,1,930.37,453.46,54.15,164.65,1,-1,-1,-1
124,2,877.72,454.80,52.00,158.00,1,-1,-1,-1
124,14,631.49,448.75,60.21,182.69,1,-1,-1,-1
124,23,1075.29,453.22,67.25,203.62,1,-1,-1,-1
124,24,728.39,467.71,29.39,90.25,1,-1,-1,-1
125,1,934.71,453.78,50.58,153.80,1,-1,-1,-1
125,2,884.75,454.85,51.87,157.60,1,-1,-1,-1
125,14,632.08,449.28,59.89,181.70,1,-1,-1,-1
125,23,1072.15,458.31,68.06,206.10,1,-1,-1,-1
125,24,728.40,467.71,29.39,90.25,1,-1,-1,-1
126,1,938.95,454.49,51.41,156.32,1,-1,-1,-1
126,2,887.36,454.87,51.82,157.45,1,-1,-1,-1
126,14,634.23,452.03,57.14,173.36,1,-1,-1,-1
126,23,1071.10,460.10,68.35,206.98,1,-1,-1,-1
126,24,728.41,467.72,29.39,90.23,1,-1,-1,-1
127,1,940.19,453.86,54.15,164.60,1,-1,-1,-1
127,2,888.28,454.88,51.80,157.39,1,-1,-1,-1
127,14,634.97,453.09,56.07,170.15,1,-1,-1,-1
127,23,1074.93,466.13,65.43,198.17,1,-1,-1,-1
127,24,726.16,469.46,28.09,86.26,1,-1,-1,-1
127,33,1046.47,497.24,51.61,157.07,1,-1,-1,-1
128,1,940.91,454.49,52.78,160.46,1,-1,-1,-1
128,2,888.56,454.88,51.79,157.37,1,-1,-1,-1
128,14,633.21,450.89,58.35,177.04,1,-1,-1,-1
128,23,1050.63,468.40,64.33,194.84,1,-1,-1,-1
128,24,725.30,470.15,27.58,84.70,1,-1,-1,-1
128,33,1041.34,495.24,52.11,158.62,1,-1,-1,-1
129,1,941.12,454.75,52.22,158.73,1,-1,-1,-1
129,2,888.61,454.89,51.79,157.36,1,-1,-1,-1
129,14,632.55,450.08,59.18,179.57,1,-1,-1,-1
129,23,1038.41,487.96,55.90,169.35,1,-1,-1,-1
129,24,723.30,468.64,28.70,88.14,1,-1,-1,-1
130,1,945.08,454.30,49.72,151.13,1,-1,-1,-1
130,2,888.57,454.89,51.79,157.35,1,-1,-1,-1
130,14,636.34,445.37,62.30,189.01,1,-1,-1,-1
130,23,1037.92,475.60,61.15,185.29,1,-1,-1,-1
130,24,722.71,468.52,28.79,88.41,1,-1,-1,-1
131,1,949.77,446.27,53.56,162.78,1,-1,-1,-1
131,2,888.51,454.89,51.78,157.35,1,-1,-1,-1
131,14,637.75,443.59,63.48,192.58,1,-1,-1,-1
131,23,1031.72,466.41,65.80,199.35,1,-1,-1,-1
132,1,951.45,450.62,54.93,166.94,1,-1,-1,-1
132,2,888.44,454.89,51.78,157.35,1,-1,-1,-1
132,14,638.26,442.91,63.93,193.94,1,-1,-1,-1
132,23,1026.92,459.77,64.64,195.85,1,-1,-1,-1
133,1,959.31,445.11,55.46,168.54,1,-1,-1,-1
133,2,895.27,454.89,51.78,157.35,1,-1,-1,-1
133,14,642.17,447.04,61.32,186.00,1,-1,-1,-1
133,23,1018.86,451.09,67.21,203.63,1,-1,-1,-1
134,1,961.60,451.16,53.24,161.79,1,-1,-1,-1
134,2,895.55,454.01,54.23,164.78,1,-1,-1,-1
134,14,643.64,448.68,60.28,182.84,1,-1,-1,-1
134,23,1007.01,447.87,68.16,206.52,1,-1,-1,-1
135,1,958.94,459.47,50.05,152.12,1,-1,-1,-1
135,2,895.63,453.68,55.15,167.55,1,-1,-1,-1
135,14,644.15,449.29,59.88,181.66,1,-1,-1,-1
135,23,1002.63,446.67,68.53,207.63,1,-1,-1,-1
136,1,961.34,456.60,51.18,155.53,1,-1,-1,-1
136,2,897.84,454.43,53.08,161.27,1,-1,-1,-1
136,14,644.29,449.52,59.73,181.21,1,-1,-1,-1
136,23,999.72,452.17,65.67,198.97,1,-1,-1,-1
137,1,962.89,454.68,54.02,164.16,1,-1,-1,-1
137,2,896.35,453.83,54.73,166.26,1,-1,-1,-1
137,14,648.99,445.18,62.50,189.57,1,-1,-1,-1
137,23,990.32,454.37,64.55,195.59,1,-1,-1,-1
138,1,963.50,455.44,60.42,183.56,1,-1,-1,-1
138,2,895.79,453.62,55.33,168.08,1,-1,-1,-1
138,14,646.12,447.91,60.76,184.30,1,-1,-1,-1
138,23,995.59,463.76,64.14,194.34,1,-1,-1,-1
139,1,965.27,455.51,61.26,186.11,1,-1,-1,-1
139,2,897.77,454.42,53.13,161.41,1,-1,-1,-1
139,14,652.87,449.01,60.06,182.17,1,-1,-1,-1
139,23,997.74,467.27,63.99,193.89,1,-1,-1,-1
140,2,903.67,453.83,54.74,166.27,1,-1,-1,-1
140,14,652.10,444.98,62.62,189.92,1,-1,-1,-1
140,23,991.02,463.18,66.97,202.92,1,-1,-1,-1
141,2,905.81,453.62,55.32,168.05,1,-1,-1,-1
141,14,651.79,443.49,63.57,192.79,1,-1,-1,-1
141,23,988.59,461.65,68.08,206.28,1,-1,-1,-1
142,2,906.58,453.54,55.55,168.71,1,-1,-1,-1
142,14,654.77,445.41,66.91,202.91,1,-1,-1,-1
142,23,995.41,466.36,65.52,198.53,1,-1,-1,-1
143,2,906.82,453.52,55.62,168.95,1,-1,-1,-1
143,14,655.87,446.15,68.18,206.75,1,-1,-1,-1
143,23,972.19,462.77,67.56,204.70,1,-1,-1,-1
144,2,908.62,454.39,53.21,161.62,1,-1,-1,-1
144,14,656.32,456.10,62.94,190.87,1,-1,-1,-1
144,23,955.73,458.36,65.31,197.91,1,-1,-1,-1
145,2,914.94,453.83,54.75,166.30,1,-1,-1,-1
145,14,656.34,450.06,66.75,202.40,1,-1,-1,-1
145,23,947.65,460.53,61.59,186.64,1,-1,-1,-1
146,1,982.36,454.98,52.83,160.52,1,-1,-1,-1
146,2,916.86,453.78,54.88,166.67,1,-1,-1,-1
146,14,656.36,447.94,68.10,206.46,1,-1,-1,-1
146,23,938.16,457.39,63.07,191.14,1,-1,-1,-1
147,1,985.07,453.93,54.83,166.56,1,-1,-1,-1
147,14,656.32,447.11,68.62,208.01,1,-1,-1,-1
147,23,934.84,456.28,63.60,192.76,1,-1,-1,-1
148,1,985.95,453.65,55.35,168.13,1,-1,-1,-1
148,14,669.89,452.68,65.82,199.53,1,-1,-1,-1
148,23,933.81,455.86,63.81,193.39,1,-1,-1,-1
149,1,986.21,453.55,55.54,168.71,1,-1,-1,-1
149,14,677.26,458.76,61.87,187.56,1,-1,-1,-1
149,23,932.29,459.59,61.07,185.11,1,-1,-1,-1
150,1,986.24,453.52,55.61,168.91,1,-1,-1,-1
150,14,677.78,457.08,63.24,191.74,1,-1,-1,-1
150,23,923.94,461.04,60.03,181.95,1,-1,-1,-1
151,1,986.18,453.51,55.63,168.96,1,-1,-1,-1
151,14,680.05,452.43,60.93,184.72,1,-1,-1,-1
151,23,921.04,461.57,59.65,180.83,1,-1,-1,-1
152,1,993.52,453.51,55.64,168.97,1,-1,-1,-1
152,14,683.14,448.66,65.95,199.95,1,-1,-1,-1
152,23,920.15,461.76,59.52,180.45,1,-1,-1,-1
153,1,996.25,453.51,55.63,168.95,1,-1,-1,-1
153,14,684.26,447.31,67.76,205.41,1,-1,-1,-1
153,23,919.99,461.83,59.48,180.35,1,-1,-1,-1
154,1,997.22,453.51,55.63,168.93,1,-1,-1,-1
154,14,684.61,446.78,68.47,207.53,1,-1,-1,-1
154,23,920.10,461.85,59.48,180.34,1,-1,-1,-1
155,1,997.51,453.51,55.62,168.91,1,-1,-1,-1
155,14,675.85,435.62,79.03,239.48,1,-1,-1,-1
155,23,912.32,461.85,59.49,180.38,1,-1,-1,-1
156,1,996.73,450.97,58.24,176.85,1,-1,-1,-1
156,14,681.03,441.93,73.14,221.63,1,-1,-1,-1
156,23,909.53,461.85,59.50,180.42,1,-1,-1,-1
157,1,1001.83,453.40,54.24,164.69,1,-1,-1,-1
157,2,934.80,449.75,59.47,180.60,1,-1,-1,-1
157,14,683.18,444.80,70.46,213.51,1,-1,-1,-1
157,23,900.67,461.84,59.51,180.46,1,-1,-1,-1
158,1,1002.41,446.36,60.66,184.17,1,-1,-1,-1
158,2,938.89,459.82,56.95,172.92,1,-1,-1,-1
158,14,688.04,451.88,66.41,201.25,1,-1,-1,-1
158,23,897.11,457.96,62.35,189.06,1,-1,-1,-1
159,1,1002.65,443.90,62.90,190.95,1,-1,-1,-1
159,2,944.79,453.26,58.73,178.30,1,-1,-1,-1
159,14,689.81,454.57,64.86,196.56,1,-1,-1,-1
159,23,896.21,460.32,60.63,183.87,1,-1,-1,-1
160,1,1006.59,449.73,58.50,177.58,1,-1,-1,-1
160,2,946.90,450.90,59.37,180.24,1,-1,-1,-1
160,14,695.47,449.50,67.35,204.09,1,-1,-1,-1
160,23,888.13,461.27,59.95,181.81,1,-1,-1,-1
161,1,1008.07,452.15,56.66,172.01,1,-1,-1,-1
161,2,947.64,449.99,59.61,180.96,1,-1,-1,-1
161,14,697.52,447.64,68.26,206.84,1,-1,-1,-1
161,23,877.28,461.62,59.70,181.05,1,-1,-1,-1
162,1,1008.57,453.04,55.98,169.95,1,-1,-1,-1
162,2,947.85,449.65,59.70,181.21,1,-1,-1,-1
162,14,701.70,452.86,65.61,198.81,1,-1,-1,-1
162,23,873.36,461.75,59.61,180.78,1,-1,-1,-1
162,45,489.57,464.26,41.12,125.46,1,-1,-1,-1
163,1,1010.25,453.04,56.03,170.09,1,-1,-1,-1
163,2,950.80,459.41,57.11,173.36,1,-1,-1,-1
163,14,699.68,448.86,67.62,204.89,1,-1,-1,-1
163,23,872.05,461.80,59.58,180.69,1,-1,-1,-1
163,45,489.76,464.01,41.83,127.63,1,-1,-1,-1
164,2,951.64,463.60,53.62,162.78,1,-1,-1,-1
164,14,702.37,453.32,65.35,198.04,1,-1,-1,-1
164,23,871.71,461.81,59.57,180.67,1,-1,-1,-1
165,2,952.07,464.73,54.83,166.45,1,-1,-1,-1
165,14,703.25,450.45,70.79,214.48,1,-1,-1,-1
165,23,865.58,451.96,65.42,198.37,1,-1,-1,-1
166,2,953.85,465.62,54.68,165.98,1,-1,-1,-1
166,14,709.11,448.05,69.60,210.88,1,-1,-1,-1
166,23,861.61,457.85,61.93,187.81,1,-1,-1,-1
167,14,711.37,447.09,69.09,209.34,1,-1,-1,-1
167,23,860.29,460.34,60.46,183.35,1,-1,-1,-1
168,1,1029.60,453.51,55.63,168.87,1,-1,-1,-1
168,2,960.91,465.78,52.23,158.57,1,-1,-1,-1
168,14,715.02,452.69,65.88,199.60,1,-1,-1,-1
168,23,866.66,463.30,57.26,173.67,1,-1,-1,-1
169,1,1032.10,453.55,55.62,168.86,1,-1,-1,-1
169,2,962.77,457.56,54.43,165.25,1,-1,-1,-1
169,14,713.40,448.79,67.70,205.11,1,-1,-1,-1
169,23,862.42,462.36,58.74,178.17,1,-1,-1,-1
170,1,1035.29,454.63,52.63,159.79,1,-1,-1,-1
170,2,962.72,469.55,52.69,159.99,1,-1,-1,-1
170,14,721.83,447.38,68.35,207.10,1,-1,-1,-1
170,23,868.84,462.02,59.28,179.79,1,-1,-1,-1
171,1,1040.63,453.93,54.56,165.66,1,-1,-1,-1
171,2,968.89,456.71,57.17,173.58,1,-1,-1,-1
171,14,719.99,448.23,71.82,217.59,1,-1,-1,-1
171,23,870.15,463.90,56.86,172.47,1,-1,-1,-1
172,1,1042.44,453.70,55.20,167.60,1,-1,-1,-1
172,2,972.96,454.58,56.22,170.70,1,-1,-1,-1
172,14,724.18,447.19,69.96,211.95,1,-1,-1,-1
172,23,863.99,462.57,58.60,177.76,1,-1,-1,-1
173,1,1043.04,453.61,55.45,168.34,1,-1,-1,-1
173,2,974.47,453.74,55.83,169.50,1,-1,-1,-1
173,14,725.73,446.79,69.20,209.63,1,-1,-1,-1
173,23,839.00,464.09,56.62,171.77,1,-1,-1,-1
174,1,1044.43,451.03,58.16,176.56,1,-1,-1,-1
174,2,973.07,450.89,58.31,177.00,1,-1,-1,-1
174,14,726.24,446.65,68.90,208.73,1,-1,-1,-1
174,23,828.54,462.63,58.52,177.53,1,-1,-1,-1
174,51,710.14,375.27,97.49,294.47,1,-1,-1,-1
175,1,1044.91,450.06,59.18,179.64,1,-1,-1,-1
175,2,974.38,459.60,56.65,171.98,1,-1,-1,-1
175,14,726.37,446.60,68.78,208.37,1,-1,-1,-1
175,23,824.80,462.10,59.21,179.64,1,-1,-1,-1
175,51,710.14,375.27,97.49,294.47,1,-1,-1,-1
176,1,1045.01,449.69,59.57,180.82,1,-1,-1,-1
176,2,982.21,455.66,55.98,169.95,1,-1,-1,-1
176,14,726.35,446.59,68.73,208.22,1,-1,-1,-1
176,23,817.05,456.54,56.87,172.53,1,-1,-1,-1
176,51,710.14,375.27,97.49,294.47,1,-1,-1,-1
177,1,1051.04,452.08,57.11,173.36,1,-1,-1,-1
177,2,985.08,454.19,55.73,169.18,1,-1,-1,-1
177,14,728.54,452.56,65.69,199.02,1,-1,-1,-1
177,23,812.87,451.81,58.62,177.86,1,-1,-1,-1
177,51,710.14,375.27,97.49,294.47,1,-1,-1,-1
178,1,1055.07,450.45,58.79,178.44,1,-1,-1,-1
178,2,986.08,453.64,55.63,168.88,1,-1,-1,-1
178,14,736.25,458.05,67.59,204.77,1,-1,-1,-1
178,23,812.81,459.96,56.65,171.90,1,-1,-1,-1
178,51,710.14,375.27,97.49,294.47,1,-1,-1,-1
179,1,1055.11,445.48,62.18,188.72,1,-1,-1,-1
179,2,985.02,450.90,58.22,176.74,1,-1,-1,-1
179,14,739.02,460.03,68.28,206.85,1,-1,-1,-1
179,23,811.87,463.58,53.41,162.06,1,-1,-1,-1
179,51,710.14,375.27,97.49,294.47,1,-1,-1,-1
180,1,1056.47,447.91,60.74,184.32,1,-1,-1,-1
180,2,984.59,449.88,59.19,179.66,1,-1,-1,-1
180,14,749.06,460.76,68.54,207.65,1,-1,-1,-1
180,23,803.35,454.32,57.42,174.22,1,-1,-1,-1
181,1,1063.94,444.50,62.93,190.97,1,-1,-1,-1
181,2,988.74,438.63,65.31,198.22,1,-1,-1,-1
181,14,752.82,461.00,68.64,207.94,1,-1,-1,-1
181,23,800.34,458.87,58.82,178.47,1,-1,-1,-1
182,1,1067.57,447.57,60.99,185.07,1,-1,-1,-1
182,2,993.62,444.95,62.04,188.28,1,-1,-1,-1
182,14,754.14,461.07,68.68,208.04,1,-1,-1,-1
182,23,801.24,462.67,56.77,172.27,1,-1,-1,-1
183,1,1068.88,448.82,60.20,182.67,1,-1,-1,-1
183,2,996.35,450.24,57.99,176.01,1,-1,-1,-1
183,14,754.55,461.07,68.69,208.07,1,-1,-1,-1
183,23,801.84,464.17,55.96,169.82,1,-1,-1,-1
184,1,1069.29,449.30,59.90,181.74,1,-1,-1,-1
184,2,997.28,452.29,56.44,171.28,1,-1,-1,-1
184,14,760.61,453.35,71.92,217.86,1,-1,-1,-1
184,23,798.16,464.46,55.80,169.34,1,-1,-1,-1
185,1,1074.38,452.03,57.15,173.42,1,-1,-1,-1
185,2,995.35,467.90,53.39,162.05,1,-1,-1,-1
185,14,762.84,450.46,73.13,221.51,1,-1,-1,-1
186,1,1071.11,450.49,58.76,178.29,1,-1,-1,-1
186,2,996.78,458.69,54.76,166.21,1,-1,-1,-1
186,14,763.60,449.33,73.59,222.90,1,-1,-1,-1
187,1,1077.76,449.93,59.34,180.06,1,-1,-1,-1
187,2,996.44,452.85,57.88,175.67,1,-1,-1,-1
187,14,763.80,448.90,73.76,223.39,1,-1,-1,-1
188,1,1080.24,449.72,59.57,180.73,1,-1,-1,-1
188,2,1000.39,446.30,61.82,187.61,1,-1,-1,-1
188,14,766.83,447.36,70.60,213.83,1,-1,-1,-1
189,1,1081.10,449.64,59.65,180.97,1,-1,-1,-1
189,2,998.63,457.72,58.06,176.21,1,-1,-1,-1
189,14,764.78,448.19,72.63,219.96,1,-1,-1,-1
190,1,1081.35,449.61,59.67,181.05,1,-1,-1,-1
190,2,990.30,462.46,56.48,171.43,1,-1,-1,-1
190,14,773.65,448.50,73.37,222.19,1,-1,-1,-1
190,51,724.84,363.27,111.78,337.58,1,-1,-1,-1
191,1,1081.05,445.19,62.49,189.58,1,-1,-1,-1
191,2,992.45,471.57,53.42,162.16,1,-1,-1,-1
191,14,777.00,448.63,73.65,223.02,1,-1,-1,-1
191,51,725.80,362.49,112.71,340.40,1,-1,-1,-1
192,1,1081.22,447.88,60.78,184.40,1,-1,-1,-1
192,2,1010.88,465.44,57.47,174.43,1,-1,-1,-1
192,14,778.19,448.69,73.74,223.31,1,-1,-1,-1
193,1,1089.10,448.97,60.09,182.29,1,-1,-1,-1
193,2,1017.37,463.29,58.90,178.75,1,-1,-1,-1
193,14,778.55,448.72,73.77,223.38,1,-1,-1,-1
194,1,1092.01,449.38,59.82,181.49,1,-1,-1,-1
194,2,1020.24,463.57,59.18,179.60,1,-1,-1,-1
194,14,778.60,448.74,73.77,223.39,1,-1,-1,-1
195,1,1093.03,449.54,59.72,181.17,1,-1,-1,-1
195,14,788.26,448.75,73.77,223.36,1,-1,-1,-1
195,23,747.94,464.93,55.55,168.59,1,-1,-1,-1
196,1,1093.62,445.17,62.49,189.57,1,-1,-1,-1
196,2,1030.73,452.14,59.63,180.96,1,-1,-1,-1
196,14,791.86,448.76,73.76,223.33,1,-1,-1,-1
196,23,742.40,458.78,61.24,185.83,1,-1,-1,-1
197,1,1093.80,443.54,63.53,192.71,1,-1,-1,-1
197,2,1029.78,445.68,62.60,189.96,1,-1,-1,-1
197,14,793.14,448.77,73.75,223.29,1,-1,-1,-1
197,23,739.21,462.88,55.43,168.23,1,-1,-1,-1
198,1,1101.33,447.29,61.15,185.48,1,-1,-1,-1
198,2,1032.68,444.53,63.10,191.46,1,-1,-1,-1
198,14,793.53,448.78,73.74,223.26,1,-1,-1,-1
198,23,738.10,463.57,50.64,153.72,1,-1,-1,-1
199,1,1096.49,444.33,63.03,191.19,1,-1,-1,-1
199,2,1029.63,442.99,63.84,193.70,1,-1,-1,-1
199,14,792.06,436.31,80.91,244.93,1,-1,-1,-1
199,23,730.87,464.88,51.27,155.67,1,-1,-1,-1
200,1,1100.32,445.72,66.71,202.30,1,-1,-1,-1
200,2,1031.83,446.98,61.23,185.79,1,-1,-1,-1
200,14,802.39,443.75,76.63,231.98,1,-1,-1,-1
200,23,728.40,465.33,51.49,156.36,1,-1,-1,-1
201,1,1101.74,446.26,68.10,206.52,1,-1,-1,-1
201,2,1034.24,446.20,61.50,186.60,1,-1,-1,-1
201,14,802.49,436.51,78.29,236.99,1,-1,-1,-1
201,23,727.92,464.47,49.28,149.67,1,-1,-1,-1
202,1,1104.13,448.36,62.92,190.81,1,-1,-1,-1
202,14,806.36,431.73,82.58,249.94,1,-1,-1,-1
202,23,721.35,464.13,48.45,147.17,1,-1,-1,-1
203,1,1102.99,447.27,66.75,202.38,1,-1,-1,-1
203,14,807.78,429.94,84.20,254.83,1,-1,-1,-1
203,23,719.08,464.00,48.16,146.32,1,-1,-1,-1
204,1,1105.34,444.42,65.15,197.54,1,-1,-1,-1
204,14,808.24,429.28,84.82,256.68,1,-1,-1,-1
204,23,717.60,464.99,50.39,153.09,1,-1,-1,-1
205,1,1113.29,447.72,61.67,187.01,1,-1,-1,-1
205,14,818.02,441.38,77.95,235.90,1,-1,-1,-1
205,23,713.85,457.61,53.65,162.98,1,-1,-1,-1
205,51,791.67,362.76,112.41,339.42,1,-1,-1,-1
206,1,1117.65,444.49,63.19,191.61,1,-1,-1,-1
206,2,1045.79,446.36,68.09,206.53,1,-1,-1,-1
206,14,821.73,446.26,75.18,227.51,1,-1,-1,-1
206,23,712.49,454.79,54.90,166.76,1,-1,-1,-1
206,51,795.29,362.54,112.66,340.19,1,-1,-1,-1
207,1,1119.20,443.33,63.74,193.27,1,-1,-1,-1
207,2,1051.84,452.47,65.57,198.87,1,-1,-1,-1
207,14,823.00,448.03,74.17,224.46,1,-1,-1,-1
207,23,709.74,460.38,50.72,154.09,1,-1,-1,-1
208,1,1119.72,442.89,63.95,193.89,1,-1,-1,-1
208,2,1048.74,448.70,67.68,205.24,1,-1,-1,-1
208,14,824.76,436.04,81.06,245.31,1,-1,-1,-1
208,23,708.88,462.65,49.04,149.01,1,-1,-1,-1
209,1,1126.33,447.15,61.22,185.61,1,-1,-1,-1
209,2,1046.35,464.77,62.72,190.20,1,-1,-1,-1
209,14,827.92,427.89,87.44,264.59,1,-1,-1,-1
209,23,707.41,464.52,50.77,154.25,1,-1,-1,-1
210,1,1130.78,444.32,63.01,191.05,1,-1,-1,-1
210,2,1053.75,479.63,55.52,168.42,1,-1,-1,-1
210,14,829.10,424.69,89.96,272.17,1,-1,-1,-1
210,23,706.92,465.19,51.39,156.14,1,-1,-1,-1
211,1,1132.36,443.29,63.66,193.02,1,-1,-1,-1
211,2,1058.52,457.73,64.31,195.04,1,-1,-1,-1
211,14,837.85,438.18,87.05,263.36,1,-1,-1,-1
211,23,699.96,465.44,51.63,156.88,1,-1,-1,-1
212,1,1132.87,442.91,63.91,193.77,1,-1,-1,-1
212,2,1060.18,450.72,67.14,203.61,1,-1,-1,-1
212,14,832.62,428.59,89.81,271.67,1,-1,-1,-1
212,23,697.40,465.53,51.73,157.17,1,-1,-1,-1
213,1,1132.98,442.77,64.00,194.04,1,-1,-1,-1
213,2,1060.73,447.86,68.29,207.06,1,-1,-1,-1
213,14,839.07,439.82,86.92,262.93,1,-1,-1,-1
213,23,689.63,465.56,51.76,157.28,1,-1,-1,-1
214,1,1132.94,442.73,64.03,194.13,1,-1,-1,-1
214,2,1063.05,446.81,68.97,209.13,1,-1,-1,-1
214,14,841.50,433.13,85.74,259.32,1,-1,-1,-1
214,23,686.79,465.56,51.78,157.32,1,-1,-1,-1
215,1,1141.32,442.72,64.04,194.15,1,-1,-1,-1
215,2,1061.02,446.49,68.84,208.72,1,-1,-1,-1
215,14,845.72,426.71,89.26,269.95,1,-1,-1,-1
215,23,681.54,464.54,49.50,150.42,1,-1,-1,-1
216,1,1144.44,442.73,64.04,194.15,1,-1,-1,-1
216,2,1061.64,437.84,72.17,218.76,1,-1,-1,-1
216,14,860.28,440.44,79.59,240.73,1,-1,-1,-1
216,23,679.69,464.14,48.62,147.77,1,-1,-1,-1
217,1,1145.54,442.74,64.04,194.13,1,-1,-1,-1
217,2,1069.90,442.93,70.20,212.77,1,-1,-1,-1
217,14,860.29,433.18,83.04,251.16,1,-1,-1,-1
217,23,676.48,465.03,50.62,153.83,1,-1,-1,-1
218,1,1144.91,445.26,67.05,203.24,1,-1,-1,-1
218,2,1073.08,445.02,69.38,210.27,1,-1,-1,-1
218,14,860.33,430.68,84.22,254.74,1,-1,-1,-1
218,23,677.92,464.34,49.09,149.19,1,-1,-1,-1
218,65,572.21,463.91,48.33,146.74,1,-1,-1,-1
219,1,1150.83,448.08,62.45,189.31,1,-1,-1,-1
219,2,1078.24,451.79,66.04,200.16,1,-1,-1,-1
219,14,860.22,429.75,84.67,256.09,1,-1,-1,-1
219,23,672.16,464.06,48.49,147.38,1,-1,-1,-1
219,65,571.48,457.36,50.76,154.12,1,-1,-1,-1
220,1,1153.05,449.22,60.57,183.64,1,-1,-1,-1
220,2,1076.02,448.37,67.80,205.48,1,-1,-1,-1
220,14,864.25,425.52,88.81,268.58,1,-1,-1,-1
220,23,670.12,463.96,48.27,146.73,1,-1,-1,-1
220,65,571.22,455.25,51.56,156.56,1,-1,-1,-1
221,1,1156.61,447.68,65.82,199.53,1,-1,-1,-1
221,2,1079.18,453.06,65.44,198.34,1,-1,-1,-1
221,14,865.71,423.94,90.36,273.26,1,-1,-1,-1
221,23,669.45,463.92,48.20,146.51,1,-1,-1,-1
221,65,576.03,453.62,54.47,165.40,1,-1,-1,-1
222,1,1162.96,448.99,62.01,187.99,1,-1,-1,-1
222,2,1080.31,454.90,64.51,195.52,1,-1,-1,-1
222,14,865.98,447.12,76.74,232.09,1,-1,-1,-1
222,23,662.83,463.91,48.17,146.44,1,-1,-1,-1
222,65,577.73,453.08,55.49,168.50,1,-1,-1,-1
223,1,1169.03,445.02,63.29,191.88,1,-1,-1,-1
223,2,1085.74,449.57,67.21,203.67,1,-1,-1,-1
223,14,873.42,435.37,82.11,248.34,1,-1,-1,-1
223,23,649.97,458.00,50.46,153.40,1,-1,-1,-1
223,65,580.71,453.87,53.32,161.92,1,-1,-1,-1
224,1,1171.19,443.58,63.76,193.28,1,-1,-1,-1
224,2,1091.12,453.50,65.22,197.65,1,-1,-1,-1
224,14,869.08,444.02,80.17,242.47,1,-1,-1,-1
224,23,658.84,462.61,51.31,155.98,1,-1,-1,-1
224,65,581.77,454.25,52.44,159.24,1,-1,-1,-1
225,1,1172.18,445.54,66.94,202.92,1,-1,-1,-1
225,2,1093.10,455.07,64.42,195.24,1,-1,-1,-1
225,14,867.20,447.46,79.39,240.13,1,-1,-1,-1
225,23,649.42,456.71,54.07,164.34,1,-1,-1,-1
225,65,589.08,460.49,49.74,151.08,1,-1,-1,-1
226,1,1172.50,446.28,68.14,206.54,1,-1,-1,-1
226,2,1102.31,455.65,64.12,194.34,1,-1,-1,-1
226,14,873.40,447.32,82.86,250.61,1,-1,-1,-1
226,23,652.00,462.07,52.73,160.26,1,-1,-1,-1
226,65,591.86,456.72,51.11,155.23,1,-1,-1,-1
227,1,1180.62,444.09,65.62,198.91,1,-1,-1,-1
227,2,1102.86,449.86,67.05,203.20,1,-1,-1,-1
227,14,875.66,447.25,84.14,254.49,1,-1,-1,-1
227,23,646.33,464.24,52.18,158.57,1,-1,-1,-1
227,65,592.67,461.34,49.28,149.68,1,-1,-1,-1
228,1,1183.66,443.23,64.61,195.85,1,-1,-1,-1
228,2,1105.80,449.09,71.33,216.14,1,-1,-1,-1
228,14,876.45,447.21,84.64,255.96,1,-1,-1,-1
228,23,641.84,464.05,49.68,151.01,1,-1,-1,-1
228,65,591.10,456.17,53.44,162.33,1,-1,-1,-1
229,1,1188.44,447.37,61.40,186.14,1,-1,-1,-1
229,2,1104.12,447.44,69.82,211.57,1,-1,-1,-1
229,14,887.81,447.17,84.81,256.50,1,-1,-1,-1
229,23,640.27,463.97,48.72,148.10,1,-1,-1,-1
229,65,590.55,454.33,54.92,166.82,1,-1,-1,-1
230,1,1190.10,448.94,60.18,182.44,1,-1,-1,-1
230,2,1106.09,448.19,72.41,219.40,1,-1,-1,-1
230,14,892.07,447.14,84.87,256.67,1,-1,-1,-1
230,23,639.79,463.94,48.37,147.04,1,-1,-1,-1
230,65,594.06,451.09,58.09,176.43,1,-1,-1,-1
231,1,1190.62,449.51,59.74,181.11,1,-1,-1,-1
231,2,1106.79,448.48,73.38,222.31,1,-1,-1,-1
231,14,887.42,444.01,88.86,268.72,1,-1,-1,-1
231,23,633.22,463.93,48.24,146.66,1,-1,-1,-1
231,65,599.57,458.96,52.12,158.31,1,-1,-1,-1
232,1,1187.84,447.78,65.48,198.50,1,-1,-1,-1
232,2,1102.38,425.26,80.82,244.79,1,-1,-1,-1
232,14,891.70,445.88,86.45,261.41,1,-1,-1,-1
232,23,630.85,463.92,48.20,146.53,1,-1,-1,-1
232,65,601.70,462.28,49.59,150.65,1,-1,-1,-1
233,1,1194.25,444.71,64.63,195.93,1,-1,-1,-1
233,2,1104.27,423.08,81.98,248.33,1,-1,-1,-1
233,14,899.08,431.48,89.45,270.48,1,-1,-1,-1
233,23,625.14,458.01,50.48,153.46,1,-1,-1,-1
233,65,600.46,440.61,59.13,179.59,1,-1,-1,-1
234,1,1196.72,443.45,64.27,194.83,1,-1,-1,-1
234,2,1112.96,440.11,72.36,219.18,1,-1,-1,-1
234,14,907.09,429.99,86.64,261.97,1,-1,-1,-1
234,23,615.43,454.94,53.74,163.36,1,-1,-1,-1
234,65,602.11,438.59,60.02,182.28,1,-1,-1,-1
235,1,1196.75,437.15,70.38,213.32,1,-1,-1,-1
235,2,1115.31,444.40,69.93,211.83,1,-1,-1,-1
235,14,916.73,425.52,89.51,270.64,1,-1,-1,-1
235,23,611.42,454.17,54.11,164.46,1,-1,-1,-1
235,65,600.13,431.59,63.11,191.64,1,-1,-1,-1
236,1,1197.56,440.46,66.60,201.86,1,-1,-1,-1
236,2,1118.34,460.50,66.07,200.14,1,-1,-1,-1
236,14,920.24,423.89,90.57,273.82,1,-1,-1,-1
236,65,608.25,444.93,58.60,177.95,1,-1,-1,-1
237,1,1197.72,441.88,64.99,196.98,1,-1,-1,-1
237,2,1119.37,466.46,64.63,195.80,1,-1,-1,-1
237,14,921.47,423.30,90.96,275.00,1,-1,-1,-1
237,65,608.27,447.64,59.47,180.56,1,-1,-1,-1
238,1,1206.25,442.43,64.38,195.14,1,-1,-1,-1
238,2,1119.68,468.58,64.12,194.25,1,-1,-1,-1
238,14,921.81,423.12,91.10,275.40,1,-1,-1,-1
238,65,602.39,428.81,68.74,208.65,1,-1,-1,-1
239,1,1211.98,447.08,61.32,185.89,1,-1,-1,-1
239,2,1121.76,470.21,63.79,193.25,1,-1,-1,-1
239,14,926.29,417.21,95.38,288.32,1,-1,-1,-1
239,65,600.25,421.86,72.18,219.04,1,-1,-1,-1
239,79,613.13,465.47,52.02,157.34,1,-1,-1,-1
240,1,1213.53,446.91,66.10,200.36,1,-1,-1,-1
240,2,1133.04,453.90,71.37,216.20,1,-1,-1,-1
240,14,935.26,420.79,92.81,280.55,1,-1,-1,-1
240,65,601.10,419.12,73.71,223.68,1,-1,-1,-1
240,79,612.36,467.13,54.31,164.28,1,-1,-1,-1
241,1,1222.98,446.85,67.80,205.50,1,-1,-1,-1
241,2,1140.66,449.21,69.77,211.35,1,-1,-1,-1
241,14,931.25,437.39,87.75,265.27,1,-1,-1,-1
241,79,613.10,467.80,52.17,157.83,1,-1,-1,-1
242,1,1226.61,446.82,68.47,207.50,1,-1,-1,-1
242,2,1138.54,448.79,72.37,219.22,1,-1,-1,-1
242,14,937.07,428.42,89.86,271.62,1,-1,-1,-1
242,79,612.33,466.95,54.40,164.60,1,-1,-1,-1
243,1,1227.90,446.81,68.71,208.24,1,-1,-1,-1
243,2,1137.71,448.64,73.33,222.12,1,-1,-1,-1
243,14,942.90,440.20,86.65,261.93,1,-1,-1,-1
243,79,620.03,466.57,55.13,166.86,1,-1,-1,-1
244,1,1227.26,438.51,72.00,218.19,1,-1,-1,-1
244,2,1143.13,461.49,67.51,204.51,1,-1,-1,-1
244,14,946.63,440.79,86.61,261.81,1,-1,-1,-1
244,79,623.16,466.68,52.82,159.91,1,-1,-1,-1
244,80,1296.98,505.00,39.04,119.00,1,-1,-1,-1
245,1,1233.63,441.08,67.14,203.45,1,-1,-1,-1
245,2,1149.01,453.24,71.58,216.82,1,-1,-1,-1
245,14,958.84,445.63,85.17,257.46,1,-1,-1,-1
245,23,599.53,453.28,55.60,168.97,1,-1,-1,-1
245,79,631.54,466.54,51.99,157.44,1,-1,-1,-1
245,80,1296.83,485.23,43.36,132.15,1,-1,-1,-1
246,1,1239.02,436.23,71.47,216.57,1,-1,-1,-1
246,2,1147.35,463.19,66.86,202.54,1,-1,-1,-1
246,14,965.31,438.34,93.38,282.27,1,-1,-1,-1
246,23,593.54,460.52,50.60,153.80,1,-1,-1,-1
246,79,634.40,466.41,51.72,156.66,1,-1,-1,-1
246,80,1296.07,498.21,42.67,130.05,1,-1,-1,-1
247,1,1241.33,433.78,69.86,211.68,1,-1,-1,-1
247,2,1150.36,453.86,71.33,216.05,1,-1,-1,-1
247,14,975.36,443.82,88.14,266.42,1,-1,-1,-1
247,23,589.67,460.56,46.75,142.12,1,-1,-1,-1
247,65,626.49,417.57,74.32,225.43,1,-1,-1,-1
247,79,635.31,466.29,51.65,156.47,1,-1,-1,-1
247,80,1295.95,496.42,43.34,132.10,1,-1,-1,-1
248,1,1241.70,433.58,72.42,219.42,1,-1,-1,-1
248,2,1160.99,450.57,72.91,220.83,1,-1,-1,-1
248,14,971.08,437.78,94.32,285.10,1,-1,-1,-1
248,23,588.40,460.56,45.39,138.03,1,-1,-1,-1
248,65,628.44,415.82,75.27,228.34,1,-1,-1,-1
248,79,635.68,465.78,54.17,164.13,1,-1,-1,-1
249,1,1241.79,433.51,73.38,222.29,1,-1,-1,-1
249,2,1165.06,449.28,73.52,222.67,1,-1,-1,-1
249,14,982.12,435.62,96.54,291.79,1,-1,-1,-1
249,23,588.03,460.56,44.93,136.63,1,-1,-1,-1
249,65,628.55,417.96,74.09,224.68,1,-1,-1,-1
249,79,642.55,465.97,52.62,159.48,1,-1,-1,-1
250,1,1241.72,433.52,73.73,223.35,1,-1,-1,-1
250,2,1166.52,448.80,73.74,223.34,1,-1,-1,-1
250,14,991.15,439.73,93.20,281.68,1,-1,-1,-1
250,23,583.28,462.85,46.96,142.82,1,-1,-1,-1
250,65,638.82,418.18,73.98,224.30,1,-1,-1,-1
250,79,645.08,465.97,52.02,157.70,1,-1,-1,-1
251,1,1250.95,441.80,70.65,214.01,1,-1,-1,-1
251,2,1170.59,447.25,70.60,213.83,1,-1,-1,-1
251,14,989.54,436.28,96.14,290.53,1,-1,-1,-1
251,23,588.46,469.35,43.58,132.58,1,-1,-1,-1
251,65,642.41,418.26,73.95,224.16,1,-1,-1,-1
251,79,645.91,465.94,51.81,157.09,1,-1,-1,-1
252,1,1254.70,436.64,72.69,220.17,1,-1,-1,-1
252,2,1172.00,455.87,69.37,210.08,1,-1,-1,-1
252,14,993.62,427.86,101.73,307.42,1,-1,-1,-1
252,23,583.57,465.99,46.55,141.60,1,-1,-1,-1
252,65,644.13,438.30,64.87,196.65,1,-1,-1,-1
252,79,648.60,466.75,51.46,156.02,1,-1,-1,-1
253,1,1260.27,440.52,67.25,203.71,1,-1,-1,-1
253,2,1178.63,451.31,72.17,218.56,1,-1,-1,-1
253,14,995.10,424.64,103.87,313.85,1,-1,-1,-1
253,23,581.87,464.84,47.57,144.71,1,-1,-1,-1
253,65,646.11,449.00,58.46,177.25,1,-1,-1,-1
254,1,1266.90,444.66,68.16,206.46,1,-1,-1,-1
254,2,1182.15,451.04,72.44,219.40,1,-1,-1,-1
254,14,996.98,427.52,92.10,278.29,1,-1,-1,-1
254,23,579.87,468.12,45.85,139.49,1,-1,-1,-1
254,65,645.17,450.01,59.01,178.94,1,-1,-1,-1
255,1,1269.22,446.13,68.48,207.44,1,-1,-1,-1
255,2,1191.82,470.05,56.84,172.21,1,-1,-1,-1
255,14,1004.16,431.91,95.76,289.36,1,-1,-1,-1
255,23,574.12,465.55,47.36,144.06,1,-1,-1,-1
255,65,653.89,460.52,56.51,171.37,1,-1,-1,-1
256,1,1270.91,438.32,71.84,217.61,1,-1,-1,-1
256,2,1195.60,483.61,47.98,145.42,1,-1,-1,-1
256,14,1015.48,416.56,106.43,321.56,1,-1,-1,-1
256,23,577.04,468.35,45.78,139.29,1,-1,-1,-1
256,65,657.04,464.36,55.61,168.65,1,-1,-1,-1
257,1,1279.56,443.60,69.92,211.78,1,-1,-1,-1
257,2,1201.73,484.35,47.75,144.78,1,-1,-1,-1
257,14,1016.71,420.14,105.74,319.44,1,-1,-1,-1
257,23,566.69,465.60,47.34,144.00,1,-1,-1,-1
257,65,658.08,465.64,55.31,167.77,1,-1,-1,-1
258,1,1282.81,445.71,69.14,209.42,1,-1,-1,-1
258,2,1203.62,484.59,47.66,144.56,1,-1,-1,-1
258,14,1021.44,418.97,106.95,323.11,1,-1,-1,-1
258,23,562.95,464.60,47.90,145.73,1,-1,-1,-1
258,65,658.36,466.01,55.23,167.55,1,-1,-1,-1
259,1,1283.91,446.49,68.84,208.52,1,-1,-1,-1
259,2,1207.57,486.69,46.22,140.18,1,-1,-1,-1
259,14,1033.26,421.92,105.39,318.37,1,-1,-1,-1
259,23,555.08,461.97,46.01,139.96,1,-1,-1,-1
259,65,657.45,464.00,57.91,175.67,1,-1,-1,-1
260,1,1286.68,448.70,62.87,190.47,1,-1,-1,-1
260,14,1042.83,429.90,100.47,303.50,1,-1,-1,-1
260,23,552.17,460.95,45.27,137.73,1,-1,-1,-1
260,65,663.72,465.64,53.83,163.33,1,-1,-1,-1
260,79,658.35,420.97,72.64,220.19,1,-1,-1,-1
261,1,1284.97,447.54,66.61,201.80,1,-1,-1,-1
261,14,1046.17,432.80,98.67,298.07,1,-1,-1,-1
261,23,549.60,456.90,49.46,150.46,1,-1,-1,-1
261,65,667.75,465.73,54.79,166.23,1,-1,-1,-1
261,79,660.22,418.13,73.96,224.20,1,-1,-1,-1
262,1,1293.41,447.15,67.89,205.68,1,-1,-1,-1
262,14,1047.26,433.86,98.00,296.04,1,-1,-1,-1
262,23,548.51,461.21,44.76,136.18,1,-1,-1,-1
262,65,669.14,465.74,55.13,167.28,1,-1,-1,-1
263,1,1296.58,446.98,68.39,207.19,1,-1,-1,-1
263,14,1055.13,426.97,102.35,309.16,1,-1,-1,-1
263,23,545.51,461.07,44.54,135.52,1,-1,-1,-1
263,65,669.20,463.66,57.92,175.75,1,-1,-1,-1
264,1,1297.67,446.90,68.58,207.77,1,-1,-1,-1
264,14,1057.98,424.40,103.97,314.02,1,-1,-1,-1
264,23,548.16,463.34,42.45,129.18,1,-1,-1,-1
264,65,669.18,462.86,58.96,178.91,1,-1,-1,-1
264,79,669.22,397.72,83.49,252.98,1,-1,-1,-1
265,1,1297.97,446.87,68.65,207.98,1,-1,-1,-1
265,14,1064.11,430.60,100.04,302.16,1,-1,-1,-1
265,23,545.67,463.43,42.06,127.99,1,-1,-1,-1
265,65,676.79,464.50,56.77,172.26,1,-1,-1,-1
265,79,671.27,394.24,85.11,257.89,1,-1,-1,-1
266,1,1300.22,438.51,71.91,217.83,1,-1,-1,-1
266,2,1235.61,469.69,63.24,191.78,1,-1,-1,-1
266,14,1074.84,425.73,103.10,311.38,1,-1,-1,-1
266,23,544.59,464.69,39.62,120.62,1,-1,-1,-1
266,65,679.80,463.06,58.57,177.73,1,-1,-1,-1
267,1,1307.72,443.57,69.95,211.90,1,-1,-1,-1
267,2,1237.28,468.97,64.01,194.11,1,-1,-1,-1
267,14,1078.70,423.95,104.22,314.75,1,-1,-1,-1
267,23,538.58,464.97,39.06,118.95,1,-1,-1,-1
267,65,680.72,464.51,56.63,171.84,1,-1,-1,-1
268,1,1310.55,445.61,69.16,209.49,1,-1,-1,-1
268,2,1240.88,463.55,67.18,203.71,1,-1,-1,-1
268,14,1080.01,423.28,104.63,315.99,1,-1,-1,-1
268,23,535.85,465.17,38.48,117.18,1,-1,-1,-1
268,65,681.10,463.00,58.53,177.60,1,-1,-1,-1
268,79,671.02,393.64,85.42,258.73,1,-1,-1,-1
269,1,1314.41,438.00,72.10,218.39,1,-1,-1,-1
269,2,1242.22,461.42,68.43,207.45,1,-1,-1,-1
269,14,1084.66,430.25,100.21,302.65,1,-1,-1,-1
269,65,681.21,462.44,59.22,179.71,1,-1,-1,-1
269,79,672.71,390.71,86.78,262.87,1,-1,-1,-1
270,1,1315.79,435.18,73.19,221.68,1,-1,-1,-1
270,2,1247.61,465.77,65.98,200.03,1,-1,-1,-1
270,14,1095.74,425.63,103.12,311.42,1,-1,-1,-1
270,65,681.18,462.21,59.49,180.52,1,-1,-1,-1
271,1,1316.22,434.10,73.61,222.93,1,-1,-1,-1
271,2,1253.75,454.65,71.14,215.64,1,-1,-1,-1
271,14,1099.72,423.95,104.18,314.61,1,-1,-1,-1
271,65,687.45,449.80,62.40,189.31,1,-1,-1,-1
272,1,1316.28,433.71,73.76,223.37,1,-1,-1,-1
272,2,1257.70,453.35,72.21,218.88,1,-1,-1,-1
272,14,1101.06,423.32,104.57,315.79,1,-1,-1,-1
272,65,690.61,459.20,58.16,176.48,1,-1,-1,-1
273,1,1325.87,433.58,73.80,223.50,1,-1,-1,-1
273,14,1115.10,423.09,104.71,316.20,1,-1,-1,-1
273,65,692.43,460.98,59.11,179.35,1,-1,-1,-1
273,79,686.16,393.57,85.48,258.83,1,-1,-1,-1
274,1,1335.91,439.36,67.59,204.70,1,-1,-1,-1
274,14,1121.70,435.28,95.91,289.66,1,-1,-1,-1
274,65,693.06,461.62,59.45,180.38,1,-1,-1,-1
274,79,688.28,391.56,86.41,261.67,1,-1,-1,-1
275,1,1339.74,439.20,67.39,204.10,1,-1,-1,-1
275,14,1127.67,435.91,95.53,288.51,1,-1,-1,-1
275,65,700.16,457.99,62.38,189.26,1,-1,-1,-1
276,65,702.79,456.63,63.49,192.59,1,-1,-1,-1
276,79,696.96,346.71,101.71,307.82,1,-1,-1,-1
276,86,673.51,470.57,26.86,82.54,1,-1,-1,-1
276,87,1323.63,425.10,89.48,270.43,1,-1,-1,-1
277,65,703.72,456.09,63.91,193.87,1,-1,-1,-1
277,79,693.76,350.48,99.65,301.50,1,-1,-1,-1
277,86,671.98,470.69,25.87,79.53,1,-1,-1,-1
277,87,1339.06,431.38,78.16,236.22,1,-1,-1,-1
278,14,1141.62,424.91,103.37,312.17,1,-1,-1,-1
278,65,704.00,455.89,64.07,194.32,1,-1,-1,-1
278,79,692.40,352.17,98.77,298.76,1,-1,-1,-1
278,86,674.61,472.96,24.24,74.50,1,-1,-1,-1
278,87,1350.23,443.56,70.24,212.30,1,-1,-1,-1
279,14,1147.25,424.43,103.76,313.35,1,-1,-1,-1
279,65,694.29,431.95,70.31,213.23,1,-1,-1,-1
279,79,706.76,423.35,71.56,216.55,1,-1,-1,-1
279,86,672.31,471.49,24.97,76.77,1,-1,-1,-1
279,87,1358.86,437.23,71.90,217.35,1,-1,-1,-1
280,1,1304.04,448.11,73.10,221.37,1,-1,-1,-1
280,14,1171.97,429.33,110.26,332.94,1,-1,-1,-1
280,65,690.68,423.05,72.64,220.26,1,-1,-1,-1
280,79,714.50,451.79,62.77,190.02,1,-1,-1,-1
280,86,671.56,471.01,25.21,77.52,1,-1,-1,-1
280,87,1361.34,435.34,72.42,218.92,1,-1,-1,-1
281,1,1303.66,448.70,73.42,222.33,1,-1,-1,-1
281,2,1300.61,481.33,50.20,152.25,1,-1,-1,-1
281,14,1178.16,430.35,111.76,337.44,1,-1,-1,-1
281,65,691.60,420.43,73.60,223.16,1,-1,-1,-1
281,79,716.78,460.17,60.17,182.20,1,-1,-1,-1
281,86,671.30,470.83,25.31,77.82,1,-1,-1,-1
281,87,1366.42,443.57,69.24,209.34,1,-1,-1,-1
282,1,1300.61,460.45,73.64,223.01,1,-1,-1,-1
282,2,1304.95,482.18,49.55,150.29,1,-1,-1,-1
282,14,1180.35,430.73,112.30,339.07,1,-1,-1,-1
282,79,717.45,462.81,59.35,179.75,1,-1,-1,-1
282,86,671.22,470.76,25.35,77.95,1,-1,-1,-1
282,87,1373.78,447.96,71.73,216.89,1,-1,-1,-1
283,1,1300.02,461.91,73.96,223.95,1,-1,-1,-1
283,14,1180.98,430.88,112.49,339.61,1,-1,-1,-1
283,79,717.16,459.49,62.08,188.03,1,-1,-1,-1
283,86,671.20,470.74,25.37,78.01,1,-1,-1,-1
283,87,1376.18,449.41,72.60,219.55,1,-1,-1,-1
284,1,1307.81,472.02,69.94,211.80,1,-1,-1,-1
284,14,1181.02,430.93,112.54,339.74,1,-1,-1,-1
284,79,717.01,458.24,63.06,191.03,1,-1,-1,-1
284,86,671.20,470.73,25.38,78.05,1,-1,-1,-1
284,87,1375.82,436.95,80.40,243.12,1,-1,-1,-1
285,1,1307.88,474.16,69.91,211.71,1,-1,-1,-1
285,14,1180.85,430.95,112.53,339.71,1,-1,-1,-1
285,79,716.85,457.62,63.47,192.28,1,-1,-1,-1
285,86,671.21,470.73,25.38,78.07,1,-1,-1,-1
285,87,1380.67,437.41,80.46,243.31,1,-1,-1,-1
286,1,1305.13,439.78,81.44,246.58,1,-1,-1,-1
286,14,1180.61,430.95,112.51,339.63,1,-1,-1,-1
286,65,703.42,412.06,83.96,254.47,1,-1,-1,-1
286,79,725.17,461.20,60.79,184.17,1,-1,-1,-1
286,86,671.22,470.73,25.38,78.08,1,-1,-1,-1
287,1,1304.57,433.05,83.82,253.75,1,-1,-1,-1
287,14,1195.08,430.95,112.48,339.54,1,-1,-1,-1
287,65,704.38,411.59,84.81,256.98,1,-1,-1,-1
287,79,728.23,462.43,59.80,181.19,1,-1,-1,-1
287,86,671.08,470.71,25.34,77.94,1,-1,-1,-1
288,1,1316.96,450.07,74.59,225.81,1,-1,-1,-1
288,14,1200.45,430.95,112.45,339.44,1,-1,-1,-1
288,65,708.63,374.93,93.23,282.38,1,-1,-1,-1
288,79,729.26,462.80,59.46,180.19,1,-1,-1,-1
289,1,1320.20,436.39,81.44,246.53,1,-1,-1,-1
289,14,1202.32,430.95,112.43,339.35,1,-1,-1,-1
289,65,710.22,361.18,96.41,291.91,1,-1,-1,-1
289,79,729.73,458.91,62.23,188.58,1,-1,-1,-1
289,86,671.22,470.73,25.38,78.09,1,-1,-1,-1
290,1,1321.13,435.17,82.30,249.13,1,-1,-1,-1
290,14,1211.52,419.47,117.65,355.10,1,-1,-1,-1
290,65,710.81,355.73,97.65,295.61,1,-1,-1,-1
290,79,729.87,457.46,63.25,191.68,1,-1,-1,-1
290,86,671.25,470.73,25.39,78.11,1,-1,-1,-1
290,87,1404.31,434.36,74.24,224.52,1,-1,-1,-1
291,14,1217.15,418.52,118.56,357.84,1,-1,-1,-1
291,65,710.99,353.72,98.11,296.90,1,-1,-1,-1
291,79,737.58,460.71,60.84,184.40,1,-1,-1,-1
291,86,671.25,470.73,25.39,78.12,1,-1,-1,-1
291,87,1405.68,444.65,73.73,223.00,1,-1,-1,-1
292,65,716.55,355.85,102.71,310.76,1,-1,-1,-1
292,79,740.46,461.90,59.92,181.62,1,-1,-1,-1
292,86,669.44,470.59,26.61,81.85,1,-1,-1,-1
292,87,1408.56,446.36,70.24,212.49,1,-1,-1,-1
293,1,1387.55,424.81,89.95,272.21,1,-1,-1,-1
293,14,1223.87,428.40,113.58,342.80,1,-1,-1,-1
293,65,725.58,366.40,100.05,302.66,1,-1,-1,-1
293,79,742.19,458.37,62.45,189.29,1,-1,-1,-1
293,86,668.76,470.54,27.06,83.24,1,-1,-1,-1
293,87,1412.88,447.42,69.48,210.19,1,-1,-1,-1
294,1,1393.03,423.11,91.17,275.91,1,-1,-1,-1
294,14,1235.09,418.03,118.23,356.83,1,-1,-1,-1
294,65,729.14,370.87,98.90,299.12,1,-1,-1,-1
294,79,742.79,457.07,63.38,192.11,1,-1,-1,-1
294,86,670.30,470.66,26.04,80.10,1,-1,-1,-1
295,1,1414.26,442.31,78.13,236.45,1,-1,-1,-1
295,14,1240.86,417.12,118.98,359.07,1,-1,-1,-1
295,65,730.44,359.96,98.42,297.63,1,-1,-1,-1
295,79,750.08,460.38,60.94,184.73,1,-1,-1,-1
295,86,670.53,472.70,24.49,75.36,1,-1,-1,-1
296,1,1420.85,442.08,78.35,237.11,1,-1,-1,-1
296,14,1263.00,427.42,113.94,343.86,1,-1,-1,-1
296,65,730.87,368.60,98.20,296.95,1,-1,-1,-1
296,79,754.12,457.70,62.85,190.53,1,-1,-1,-1
296,86,671.02,474.98,25.06,77.12,1,-1,-1,-1
297,1,1432.72,447.41,74.67,226.00,1,-1,-1,-1
297,14,1268.76,429.79,112.81,340.44,1,-1,-1,-1
297,65,730.96,372.01,98.09,296.57,1,-1,-1,-1
297,79,754.26,460.56,60.75,184.18,1,-1,-1,-1
297,86,671.19,475.79,25.27,77.76,1,-1,-1,-1
298,1,1429.20,435.38,81.48,246.58,1,-1,-1,-1
298,14,1275.02,421.36,123.43,372.47,1,-1,-1,-1
298,65,730.94,373.39,98.02,296.32,1,-1,-1,-1
298,79,754.43,460.90,65.85,199.61,1,-1,-1,-1
298,86,671.18,476.21,25.24,77.68,1,-1,-1,-1
299,1,1444.08,443.65,76.69,232.08,1,-1,-1,-1
299,14,1284.71,416.03,121.81,367.56,1,-1,-1,-1
299,65,732.68,371.61,98.97,299.20,1,-1,-1,-1
299,79,755.52,457.97,64.74,196.26,1,-1,-1,-1
299,86,671.27,476.16,25.36,78.04,1,-1,-1,-1
300,1,1444.68,434.35,82.02,248.20,1,-1,-1,-1
300,14,1280.69,416.23,126.71,382.32,1,-1,-1,-1
300,79,760.79,442.45,70.53,213.77,1,-1,-1,-1
300,86,671.27,476.53,25.35,78.01,1,-1,-1,-1
301,1,1444.91,431.03,83.93,253.95,1,-1,-1,-1
301,14,1286.53,414.02,123.01,371.14,1,-1,-1,-1
301,79,765.71,453.58,69.54,210.76,1,-1,-1,-1
302,1,1450.61,429.85,84.62,256.03,1,-1,-1,-1
302,2,1394.36,539.23,51.80,157.18,1,-1,-1,-1
302,14,1288.54,413.19,121.48,366.53,1,-1,-1,-1
302,79,776.58,449.15,69.11,209.44,1,-1,-1,-1
302,86,674.95,478.46,23.93,73.68,1,-1,-1,-1
303,1,1458.07,429.46,84.84,256.68,1,-1,-1,-1
303,2,1398.81,541.87,51.83,157.29,1,-1,-1,-1
303,14,1298.46,415.25,126.54,381.77,1,-1,-1,-1
303,79,780.64,456.50,68.93,208.89,1,-1,-1,-1
303,86,672.52,473.26,24.90,76.67,1,-1,-1,-1
304,1,1460.41,429.25,84.96,257.04,1,-1,-1,-1
304,14,1308.47,413.73,122.86,370.68,1,-1,-1,-1
304,79,782.09,459.30,68.85,208.65,1,-1,-1,-1
304,86,671.75,471.60,25.21,77.62,1,-1,-1,-1
305,1,1474.36,431.93,77.84,235.50,1,-1,-1,-1
305,14,1322.61,415.52,127.03,383.23,1,-1,-1,-1
305,79,782.54,460.35,68.81,208.52,1,-1,-1,-1
305,86,669.65,470.83,26.54,81.68,1,-1,-1,-1
306,1,1477.40,430.20,82.43,249.37,1,-1,-1,-1
306,14,1327.75,416.19,128.57,387.85,1,-1,-1,-1
306,79,782.61,460.74,68.79,208.44,1,-1,-1,-1
306,86,670.63,474.06,25.85,79.57,1,-1,-1,-1
307,1,1478.51,429.59,84.03,254.20,1,-1,-1,-1
307,14,1329.51,416.47,129.14,389.55,1,-1,-1,-1
307,65,779.14,290.51,127.56,385.47,1,-1,-1,-1
307,79,790.82,457.75,65.77,199.29,1,-1,-1,-1
307,86,670.65,473.88,24.44,75.24,1,-1,-1,-1
308,1,1478.73,429.38,84.64,256.04,1,-1,-1,-1
308,14,1346.78,416.59,129.33,390.11,1,-1,-1,-1
308,65,781.61,286.06,129.14,390.12,1,-1,-1,-1
308,79,792.86,451.94,70.93,214.92,1,-1,-1,-1
308,86,665.43,471.65,26.28,80.90,1,-1,-1,-1
309,1,1489.70,429.33,84.87,256.70,1,-1,-1,-1
309,14,1358.07,440.75,109.07,329.05,1,-1,-1,-1
309,65,785.31,280.19,131.35,396.81,1,-1,-1,-1
309,79,793.60,449.86,72.78,220.51,1,-1,-1,-1
309,86,664.86,471.47,26.39,81.23,1,-1,-1,-1
310,1,1491.68,425.45,88.90,268.89,1,-1,-1,-1
310,14,1365.85,442.47,108.17,326.32,1,-1,-1,-1
310,65,780.14,305.63,123.53,373.10,1,-1,-1,-1
310,79,793.78,449.05,73.51,222.68,1,-1,-1,-1
311,1,1496.94,424.48,89.69,271.27,1,-1,-1,-1
311,14,1377.62,422.40,124.53,375.67,1,-1,-1,-1
311,65,781.65,291.81,127.57,385.24,1,-1,-1,-1
311,79,803.09,461.64,67.60,204.79,1,-1,-1,-1
312,2,1435.88,585.13,67.85,205.78,1,-1,-1,-1
312,14,1397.87,418.69,127.64,385.02,1,-1,-1,-1
312,65,784.67,287.22,129.33,390.54,1,-1,-1,-1
312,79,806.60,466.65,65.22,197.60,1,-1,-1,-1
313,2,1440.16,588.92,68.81,208.70,1,-1,-1,-1
313,14,1405.52,417.25,128.83,388.60,1,-1,-1,-1
313,79,809.21,462.98,67.43,204.30,1,-1,-1,-1
314,14,1408.17,416.72,129.26,389.89,1,-1,-1,-1
314,79,810.11,461.65,68.24,206.73,1,-1,-1,-1
314,93,1278.26,465.47,51.86,157.34,1,-1,-1,-1
315,1,1509.19,423.39,91.05,275.35,1,-1,-1,-1
315,14,1408.74,398.60,141.84,427.79,1,-1,-1,-1
315,79,810.35,461.12,68.54,207.66,1,-1,-1,-1
315,93,1277.99,465.59,51.60,156.55,1,-1,-1,-1
315,94,808.63,375.27,97.49,294.47,1,-1,-1,-1
316,1,1522.47,423.37,91.12,275.54,1,-1,-1,-1
316,14,1419.84,410.45,140.30,423.14,1,-1,-1,-1
316,79,818.95,453.23,71.88,217.76,1,-1,-1,-1
316,93,1277.14,465.98,50.78,154.06,1,-1,-1,-1
316,94,804.66,379.54,102.70,310.21,1,-1,-1,-1
317,1,1526.96,423.35,91.16,275.63,1,-1,-1,-1
317,14,1429.68,414.17,133.60,402.91,1,-1,-1,-1
317,79,822.59,457.81,69.96,211.95,1,-1,-1,-1
317,93,1278.95,465.07,54.82,166.32,1,-1,-1,-1
317,94,803.45,380.83,104.29,314.99,1,-1,-1,-1
318,1,1540.46,423.36,91.16,275.62,1,-1,-1,-1
318,14,1435.46,397.47,143.53,432.84,1,-1,-1,-1
318,79,823.40,461.70,72.43,219.39,1,-1,-1,-1
318,93,1279.17,464.95,55.44,168.23,1,-1,-1,-1
319,1,1545.44,423.39,91.14,275.56,1,-1,-1,-1
319,14,1435.36,408.97,134.97,407.00,1,-1,-1,-1
319,65,838.89,418.18,88.58,267.54,1,-1,-1,-1
319,79,830.50,466.41,67.17,203.49,1,-1,-1,-1
319,93,1278.50,465.32,53.11,161.16,1,-1,-1,-1
320,1,1547.15,423.41,91.13,275.49,1,-1,-1,-1
320,14,1451.89,413.82,131.34,396.06,1,-1,-1,-1
320,65,843.93,423.56,87.09,263.05,1,-1,-1,-1
320,79,835.80,462.79,68.14,206.40,1,-1,-1,-1
320,93,1278.26,465.43,53.03,160.91,1,-1,-1,-1
321,1,1547.62,423.44,91.11,275.42,1,-1,-1,-1
321,14,1457.80,415.64,129.97,391.93,1,-1,-1,-1
321,79,837.65,461.49,68.48,207.44,1,-1,-1,-1
321,86,650.41,475.84,25.46,78.36,1,-1,-1,-1
321,94,801.21,320.46,119.55,361.05,1,-1,-1,-1
322,1,1552.68,422.99,91.49,276.59,1,-1,-1,-1
322,14,1464.65,398.16,142.06,428.35,1,-1,-1,-1
322,79,847.33,460.99,68.61,207.84,1,-1,-1,-1
322,86,649.97,476.02,25.41,78.21,1,-1,-1,-1
322,94,806.14,290.74,132.87,401.21,1,-1,-1,-1
323,1,1557.35,416.50,96.13,290.57,1,-1,-1,-1
323,14,1478.83,409.28,134.33,405.06,1,-1,-1,-1
323,79,851.74,453.10,71.89,217.77,1,-1,-1,-1
323,86,650.70,472.44,26.62,81.92,1,-1,-1,-1
323,93,1279.20,464.95,55.32,167.86,1,-1,-1,-1
323,94,806.48,284.85,131.75,397.77,1,-1,-1,-1
324,1,1562.92,420.89,92.95,280.97,1,-1,-1,-1
324,14,1484.12,414.01,131.04,395.12,1,-1,-1,-1
324,79,852.50,457.71,69.94,211.86,1,-1,-1,-1
324,86,650.09,474.69,25.87,79.61,1,-1,-1,-1
324,93,1279.31,464.90,55.56,168.63,1,-1,-1,-1
324,94,806.63,282.95,131.07,395.70,1,-1,-1,-1
325,1,1564.85,422.57,91.74,277.28,1,-1,-1,-1
325,14,1492.27,413.68,131.39,396.19,1,-1,-1,-1
325,79,861.72,459.57,69.15,209.46,1,-1,-1,-1
325,86,649.62,470.19,28.10,86.44,1,-1,-1,-1
325,93,1279.26,464.91,55.76,169.23,1,-1,-1,-1
325,94,806.46,274.50,134.12,404.89,1,-1,-1,-1
326,1,1574.42,417.28,95.56,288.83,1,-1,-1,-1
326,79,855.93,460.27,68.85,208.54,1,-1,-1,-1
326,86,650.23,475.44,25.37,78.08,1,-1,-1,-1
326,93,1275.34,462.49,58.79,178.40,1,-1,-1,-1
327,1,1580.90,421.14,92.77,280.40,1,-1,-1,-1
327,14,1505.85,417.90,137.24,413.82,1,-1,-1,-1
327,79,862.75,460.54,68.73,208.19,1,-1,-1,-1
327,86,650.00,475.87,25.38,78.11,1,-1,-1,-1
327,93,1277.86,463.97,56.85,172.52,1,-1,-1,-1
328,1,1586.24,420.76,93.08,281.32,1,-1,-1,-1
328,14,1520.40,418.66,144.81,436.60,1,-1,-1,-1
328,79,866.40,460.60,68.77,208.30,1,-1,-1,-1
328,86,647.10,472.39,26.60,81.86,1,-1,-1,-1
328,93,1275.40,454.50,58.76,178.30,1,-1,-1,-1
329,14,1549.41,418.84,141.12,425.47,1,-1,-1,-1
329,86,645.40,474.66,25.86,79.59,1,-1,-1,-1
329,93,1277.85,460.86,56.86,172.55,1,-1,-1,-1
330,14,1560.50,418.91,139.59,420.86,1,-1,-1,-1
330,86,645.55,477.31,24.42,75.18,1,-1,-1,-1
330,93,1278.09,463.80,53.62,162.74,1,-1,-1,-1
331,14,1564.39,418.93,138.99,419.04,1,-1,-1,-1
331,86,644.86,476.53,25.04,77.06,1,-1,-1,-1
331,93,1278.19,464.92,52.38,159.01,1,-1,-1,-1
332,14,1565.56,418.93,138.74,418.28,1,-1,-1,-1
332,79,891.34,460.67,68.67,208.01,1,-1,-1,-1
332,86,645.40,477.99,24.12,74.28,1,-1,-1,-1
332,93,1278.97,464.92,54.43,165.23,1,-1,-1,-1
333,14,1565.71,418.93,138.63,417.94,1,-1,-1,-1
333,79,893.50,460.67,68.66,207.97,1,-1,-1,-1
333,86,644.86,476.78,24.92,76.73,1,-1,-1,-1
333,93,1279.25,464.92,55.18,167.50,1,-1,-1,-1
334,14,1573.87,419.04,139.13,419.44,1,-1,-1,-1
334,79,897.08,462.73,71.91,217.81,1,-1,-1,-1
334,86,644.21,476.91,24.89,76.62,1,-1,-1,-1
334,93,1279.36,464.92,55.46,168.37,1,-1,-1,-1
335,14,1583.10,396.12,146.23,440.83,1,-1,-1,-1
335,79,904.55,461.48,69.92,211.79,1,-1,-1,-1
335,86,641.00,472.02,26.69,82.17,1,-1,-1,-1
335,93,1279.40,464.91,55.57,168.70,1,-1,-1,-1
335,94,883.61,385.57,100.61,303.76,1,-1,-1,-1
336,14,1586.17,390.91,147.91,445.88,1,-1,-1,-1
336,79,900.96,463.02,72.38,219.21,1,-1,-1,-1
336,86,640.12,471.69,26.82,82.57,1,-1,-1,-1
336,93,1279.42,464.91,55.61,168.81,1,-1,-1,-1
336,94,887.90,388.16,100.04,302.04,1,-1,-1,-1
337,14,1606.48,389.01,148.52,447.70,1,-1,-1,-1
337,79,909.19,463.59,73.28,221.94,1,-1,-1,-1
337,93,1279.42,464.90,55.62,168.84,1,-1,-1,-1
338,14,1614.03,388.34,148.73,448.30,1,-1,-1,-1
338,79,912.25,463.80,73.63,222.97,1,-1,-1,-1
338,93,1278.69,465.30,53.17,161.43,1,-1,-1,-1
339,14,1616.65,388.15,148.77,448.43,1,-1,-1,-1
339,79,918.89,461.85,70.53,213.61,1,-1,-1,-1
339,86,634.76,475.33,25.63,78.90,1,-1,-1,-1
339,93,1278.41,465.44,52.22,158.57,1,-1,-1,-1
339,94,906.62,395.04,97.59,294.65,1,-1,-1,-1
340,14,1636.71,388.14,148.76,448.39,1,-1,-1,-1
340,79,925.42,453.30,72.59,219.83,1,-1,-1,-1
340,86,634.15,475.81,25.47,78.41,1,-1,-1,-1
340,93,1278.31,465.50,51.88,157.53,1,-1,-1,-1
340,94,911.50,397.55,96.94,292.71,1,-1,-1,-1
341,14,1626.95,407.49,142.27,428.81,1,-1,-1,-1
341,79,927.75,450.18,73.34,222.10,1,-1,-1,-1
341,86,633.93,475.97,25.42,78.25,1,-1,-1,-1
341,93,1278.27,465.51,51.76,157.17,1,-1,-1,-1
342,14,1641.19,415.04,139.72,421.13,1,-1,-1,-1
342,79,928.50,449.00,73.63,222.95,1,-1,-1,-1
342,86,635.12,477.77,24.27,74.72,1,-1,-1,-1
342,93,1278.26,465.51,51.72,157.05,1,-1,-1,-1
343,14,1646.24,417.82,138.77,418.28,1,-1,-1,-1
343,79,928.97,436.15,80.87,244.86,1,-1,-1,-1
343,86,634.35,478.00,24.15,74.37,1,-1,-1,-1
343,93,1278.26,465.51,51.71,157.03,1,-1,-1,-1
344,1,1702.56,418.93,147.14,444.42,1,-1,-1,-1
344,14,1627.32,418.92,144.96,436.94,1,-1,-1,-1
344,79,938.21,452.77,76.66,232.10,1,-1,-1,-1
344,93,1278.26,465.51,51.71,157.04,1,-1,-1,-1
345,1,1705.60,418.90,148.79,449.20,1,-1,-1,-1
345,14,1620.20,419.32,147.26,443.85,1,-1,-1,-1
345,79,941.79,459.81,74.84,226.60,1,-1,-1,-1
345,93,1278.22,465.57,51.54,156.54,1,-1,-1,-1
346,1,1712.29,418.74,151.46,457.26,1,-1,-1,-1
346,14,1617.24,419.44,148.14,446.48,1,-1,-1,-1
346,79,947.36,460.40,70.90,214.68,1,-1,-1,-1
346,94,946.24,414.56,97.32,293.85,1,-1,-1,-1
347,14,1620.84,420.29,148.80,448.49,1,-1,-1,-1
347,79,954.80,462.70,72.70,220.10,1,-1,-1,-1
347,94,951.58,417.24,97.03,292.99,1,-1,-1,-1
348,14,1703.78,419.39,140.93,424.77,1,-1,-1,-1
348,79,957.44,463.52,73.34,222.06,1,-1,-1,-1
349,14,1747.05,419.35,145.90,439.74,1,-1,-1,-1
349,79,958.30,463.83,73.59,222.79,1,-1,-1,-1
349,93,1279.28,464.95,55.12,167.39,1,-1,-1,-1
350,14,1760.22,419.99,146.31,440.96,1,-1,-1,-1
350,79,961.47,454.30,77.14,233.53,1,-1,-1,-1
350,93,1279.34,464.95,55.29,167.91,1,-1,-1,-1
351,79,969.22,460.19,75.07,227.25,1,-1,-1,-1
352,1,1676.55,422.74,110.33,333.09,1,-1,-1,-1
352,79,972.09,462.55,74.22,224.69,1,-1,-1,-1
353,1,1676.25,431.81,100.29,302.81,1,-1,-1,-1
353,79,977.72,452.36,81.10,245.50,1,-1,-1,-1
354,1,1687.96,439.30,93.39,282.02,1,-1,-1,-1
354,79,984.70,459.31,76.68,232.11,1,-1,-1,-1
355,1,1730.30,441.77,91.12,275.19,1,-1,-1,-1
355,79,982.15,439.80,82.05,248.33,1,-1,-1,-1
356,1,1749.65,437.22,94.93,286.68,1,-1,-1,-1
356,79,981.25,443.65,83.99,254.19,1,-1,-1,-1
357,1,1760.59,438.09,93.86,283.47,1,-1,-1,-1
357,14,1706.47,409.17,114.27,344.48,1,-1,-1,-1
357,79,980.75,434.28,84.74,256.43,1,-1,-1,-1
358,14,1726.72,419.73,106.55,321.26,1,-1,-1,-1
358,79,983.94,432.37,85.59,259.00,1,-1,-1,-1
359,14,1719.87,430.15,99.57,300.29,1,-1,-1,-1
360,14,1723.38,432.07,96.51,291.06,1,-1,-1,-1
360,79,1002.94,417.13,95.54,289.07,1,-1,-1,-1
360,93,1288.48,465.45,51.98,157.89,1,-1,-1,-1
361,79,1006.17,414.56,97.23,294.12,1,-1,-1,-1
361,93,1289.03,465.48,51.86,157.52,1,-1,-1,-1
362,79,1019.88,413.63,97.85,295.96,1,-1,-1,-1
362,93,1290.86,472.11,48.99,148.82,1,-1,-1,-1
363,79,1025.09,413.35,98.06,296.55,1,-1,-1,-1
363,93,1291.52,472.70,48.63,147.74,1,-1,-1,-1
364,79,1029.89,433.97,89.99,272.12,1,-1,-1,-1
365,79,1031.50,442.28,86.71,262.21,1,-1,-1,-1
366,79,1031.97,445.31,85.51,258.57,1,-1,-1,-1
367,14,1773.73,423.77,103.96,313.58,1,-1,-1,-1
367,79,1032.24,443.30,89.08,269.35,1,-1,-1,-1
368,14,1779.47,423.81,103.39,311.88,1,-1,-1,-1
368,79,1043.16,445.62,86.46,261.42,1,-1,-1,-1
369,14,1792.98,423.39,104.20,314.35,1,-1,-1,-1
369,79,1048.27,443.39,89.42,270.37,1,-1,-1,-1
369,93,1291.40,473.89,48.20,146.46,1,-1,-1,-1
370,14,1799.34,423.39,103.75,312.98,1,-1,-1,-1
370,79,1050.09,442.57,90.51,273.66,1,-1,-1,-1
370,93,1291.36,473.93,48.18,146.44,1,-1,-1,-1
371,79,1050.63,442.25,90.92,274.88,1,-1,-1,-1
371,93,1291.35,473.95,48.17,146.42,1,-1,-1,-1
372,79,1050.70,442.13,91.06,275.30,1,-1,-1,-1
372,93,1291.63,474.29,47.99,145.86,1,-1,-1,-1
372,101,1739.13,451.88,45.76,138.95,1,-1,-1,-1
373,79,1060.73,445.18,87.13,263.41,1,-1,-1,-1
373,101,1733.30,446.15,50.11,152.15,1,-1,-1,-1
374,79,1066.29,443.21,89.63,270.97,1,-1,-1,-1
374,101,1733.21,451.36,48.91,148.52,1,-1,-1,-1
375,79,1066.79,437.48,94.79,286.52,1,-1,-1,-1
375,101,1735.80,451.41,46.11,140.03,1,-1,-1,-1
376,79,1080.09,440.24,92.56,279.80,1,-1,-1,-1
376,101,1734.50,453.40,47.48,144.23,1,-1,-1,-1
377,79,1085.20,441.37,91.64,276.99,1,-1,-1,-1
377,101,1733.25,454.03,47.17,143.28,1,-1,-1,-1
378,79,1086.99,441.81,91.27,275.88,1,-1,-1,-1
378,101,1725.99,454.18,48.03,145.90,1,-1,-1,-1
379,79,1099.53,441.97,91.13,275.43,1,-1,-1,-1
379,101,1717.61,454.27,48.17,146.35,1,-1,-1,-1
380,79,1104.13,442.04,91.06,275.23,1,-1,-1,-1
380,101,1714.63,454.77,48.08,146.05,1,-1,-1,-1
381,79,1105.92,437.02,95.30,288.03,1,-1,-1,-1
382,79,1106.31,440.10,92.69,280.13,1,-1,-1,-1
382,101,1705.43,454.31,48.23,146.55,1,-1,-1,-1
382,102,1096.54,286.15,147.30,444.16,1,-1,-1,-1
383,79,1118.20,441.35,91.62,276.91,1,-1,-1,-1
383,101,1702.10,454.66,48.17,146.37,1,-1,-1,-1
383,102,1113.28,327.30,132.99,401.03,1,-1,-1,-1
384,79,1123.65,436.75,95.50,288.62,1,-1,-1,-1
384,102,1117.43,341.49,128.06,386.17,1,-1,-1,-1
385,1,1789.15,453.57,111.99,338.14,1,-1,-1,-1
385,79,1128.80,436.29,96.03,290.22,1,-1,-1,-1
386,1,1789.32,440.61,112.32,339.08,1,-1,-1,-1
387,1,1776.66,425.62,122.95,371.10,1,-1,-1,-1
387,101,1694.53,454.23,48.26,146.65,1,-1,-1,-1
388,1,1776.97,424.62,124.14,374.68,1,-1,-1,-1
388,101,1691.68,454.42,48.23,146.55,1,-1,-1,-1
389,1,1772.95,433.89,121.55,366.82,1,-1,-1,-1
389,101,1687.17,444.87,53.97,163.97,1,-1,-1,-1
390,1,1752.97,422.55,126.70,382.33,1,-1,-1,-1
390,101,1685.81,442.94,55.14,167.53,1,-1,-1,-1
391,1,1748.82,431.65,123.05,371.28,1,-1,-1,-1
391,79,1193.12,441.51,91.47,276.43,1,-1,-1,-1
391,101,1685.36,442.21,55.59,168.87,1,-1,-1,-1
392,1,1731.57,435.30,121.55,366.75,1,-1,-1,-1
392,79,1188.15,436.51,95.67,289.12,1,-1,-1,-1
392,101,1682.67,447.78,48.98,148.83,1,-1,-1,-1
393,1,1725.08,436.69,120.96,364.96,1,-1,-1,-1
393,79,1187.27,441.47,101.51,306.73,1,-1,-1,-1
393,101,1683.51,451.95,48.50,147.38,1,-1,-1,-1
394,1,1722.69,437.22,120.72,364.23,1,-1,-1,-1
394,79,1199.13,449.53,99.24,299.84,1,-1,-1,-1
394,101,1681.15,452.08,48.43,147.16,1,-1,-1,-1
395,1,1719.92,437.23,121.30,365.96,1,-1,-1,-1
395,79,1203.58,452.76,98.28,296.94,1,-1,-1,-1
396,79,1205.07,453.96,97.91,295.79,1,-1,-1,-1
396,101,1667.23,453.79,48.28,146.74,1,-1,-1,-1
396,104,884.14,455.43,41.87,127.61,1,-1,-1,-1
397,79,1201.59,396.22,118.16,356.90,1,-1,-1,-1
397,101,1665.02,454.06,48.25,146.67,1,-1,-1,-1
397,104,884.14,455.43,41.87,127.61,1,-1,-1,-1
398,79,1216.10,429.73,106.43,321.48,1,-1,-1,-1
398,101,1661.94,454.32,48.19,146.46,1,-1,-1,-1
398,104,884.14,455.43,41.87,127.61,1,-1,-1,-1
399,1,1656.19,437.50,120.59,363.82,1,-1,-1,-1
399,79,1222.09,432.28,100.91,304.81,1,-1,-1,-1
399,104,887.56,462.20,39.87,121.52,1,-1,-1,-1
400,1,1633.84,442.20,109.77,331.19,1,-1,-1,-1
400,79,1227.70,431.11,101.53,306.68,1,-1,-1,-1
400,104,885.34,457.81,41.17,125.47,1,-1,-1,-1
401,1,1626.39,443.79,106.09,320.13,1,-1,-1,-1
401,104,884.58,456.29,41.61,126.83,1,-1,-1,-1
402,1,1623.94,444.34,104.82,316.31,1,-1,-1,-1
402,104,884.29,455.72,41.78,127.35,1,-1,-1,-1
403,1,1609.24,444.52,104.38,315.00,1,-1,-1,-1
403,104,884.18,461.25,41.85,127.54,1,-1,-1,-1
404,1,1604.04,444.57,104.24,314.60,1,-1,-1,-1
404,79,1228.97,507.39,72.32,218.53,1,-1,-1,-1
404,104,884.14,457.60,41.87,127.61,1,-1,-1,-1
405,1,1588.77,435.70,109.20,329.56,1,-1,-1,-1
405,79,1232.98,512.33,70.55,213.18,1,-1,-1,-1
405,104,884.13,456.21,41.88,127.63,1,-1,-1,-1
406,1,1583.27,432.42,111.04,335.11,1,-1,-1,-1
406,104,884.12,455.68,41.88,127.64,1,-1,-1,-1
407,1,1581.11,439.89,106.86,322.51,1,-1,-1,-1
407,104,884.09,455.60,41.90,127.70,1,-1,-1,-1
408,1,1566.06,433.94,110.23,332.67,1,-1,-1,-1
408,104,877.46,455.45,41.88,127.64,1,-1,-1,-1
408,105,1288.78,444.35,104.61,315.68,1,-1,-1,-1
409,1,1560.69,431.77,111.46,336.38,1,-1,-1,-1
409,104,876.77,455.36,41.90,127.69,1,-1,-1,-1
409,105,1291.03,434.70,110.02,332.02,1,-1,-1,-1
410,1,1559.54,439.69,107.03,323.04,1,-1,-1,-1
410,105,1305.31,441.06,106.45,321.25,1,-1,-1,-1
411,1,1559.41,453.47,96.31,290.71,1,-1,-1,-1
411,105,1310.26,443.49,105.08,317.13,1,-1,-1,-1
412,1,1569.52,426.39,112.24,338.79,1,-1,-1,-1
412,104,874.11,459.85,44.56,135.78,1,-1,-1,-1
412,105,1314.11,434.90,109.90,331.67,1,-1,-1,-1
413,1,1564.49,424.75,112.77,340.36,1,-1,-1,-1
413,104,878.44,463.39,40.96,124.84,1,-1,-1,-1
413,105,1330.55,416.65,111.59,336.76,1,-1,-1,-1
414,104,878.13,463.97,40.87,124.58,1,-1,-1,-1
414,105,1337.53,412.93,112.33,339.00,1,-1,-1,-1
416,1,1504.93,449.48,99.80,301.23,1,-1,-1,-1
417,1,1497.61,452.93,98.02,295.89,1,-1,-1,-1
417,104,873.47,465.09,39.22,119.56,1,-1,-1,-1
418,1,1482.25,447.48,102.17,308.44,1,-1,-1,-1
418,104,872.85,465.62,39.02,118.94,1,-1,-1,-1
418,110,1209.60,442.87,63.98,193.94,1,-1,-1,-1
419,1,1476.83,445.53,103.66,312.93,1,-1,-1,-1
419,101,1596.59,454.11,48.26,146.70,1,-1,-1,-1
419,110,1209.60,442.87,63.98,193.94,1,-1,-1,-1
420,1,1461.33,444.78,104.24,314.68,1,-1,-1,-1
420,101,1593.48,454.12,48.25,146.69,1,-1,-1,-1
420,110,1209.60,442.87,63.98,193.94,1,-1,-1,-1
421,1,1455.71,444.49,104.46,315.35,1,-1,-1,-1
421,104,867.43,456.73,41.48,126.45,1,-1,-1,-1
421,110,1209.60,442.87,63.98,193.94,1,-1,-1,-1
422,1,1446.70,444.42,104.49,315.45,1,-1,-1,-1
422,104,866.83,455.75,41.76,127.28,1,-1,-1,-1
422,110,1209.60,442.87,63.98,193.94,1,-1,-1,-1
423,104,866.62,455.40,41.85,127.57,1,-1,-1,-1
424,104,865.79,455.00,41.93,127.81,1,-1,-1,-1
426,1,1418.45,453.11,98.22,296.54,1,-1,-1,-1
426,104,866.51,455.22,41.90,127.72,1,-1,-1,-1
426,110,1209.60,442.87,63.98,193.94,1,-1,-1,-1
427,1,1416.51,453.96,97.60,294.67,1,-1,-1,-1
427,104,860.84,455.26,41.90,127.71,1,-1,-1,-1
427,110,1209.60,442.87,63.98,193.94,1,-1,-1,-1
428,1,1402.64,454.25,97.39,294.06,1,-1,-1,-1
428,104,859.77,454.97,41.96,127.88,1,-1,-1,-1
429,1,1394.23,454.86,96.94,292.70,1,-1,-1,-1
429,104,858.49,455.26,41.90,127.71,1,-1,-1,-1
430,104,858.08,455.29,41.89,127.69,1,-1,-1,-1
431,1,1379.49,454.38,97.29,293.76,1,-1,-1,-1
431,104,857.95,455.31,41.89,127.68,1,-1,-1,-1
432,1,1372.34,461.05,88.74,268.00,1,-1,-1,-1
432,104,857.93,455.32,41.89,127.68,1,-1,-1,-1
433,1,1362.07,460.99,89.90,271.52,1,-1,-1,-1
433,104,857.06,455.14,41.93,127.78,1,-1,-1,-1
434,1,1355.00,463.30,86.25,260.53,1,-1,-1,-1
434,104,857.91,455.32,41.89,127.67,1,-1,-1,-1
434,114,1281.96,467.85,54.47,165.66,1,-1,-1,-1
435,1,1344.03,461.76,89.02,268.90,1,-1,-1,-1
435,104,858.01,455.35,41.89,127.66,1,-1,-1,-1
435,114,1279.44,465.06,55.59,169.04,1,-1,-1,-1
436,1,1338.79,456.98,94.31,284.90,1,-1,-1,-1
436,104,858.06,460.97,41.88,127.65,1,-1,-1,-1
436,114,1276.90,462.62,56.89,173.01,1,-1,-1,-1
437,1,1326.54,447.48,92.09,278.20,1,-1,-1,-1
437,104,857.47,461.36,41.91,127.73,1,-1,-1,-1
437,105,1576.74,436.73,120.28,362.97,1,-1,-1,-1
438,1,1322.13,443.70,91.22,275.57,1,-1,-1,-1
438,104,851.47,456.88,41.88,127.65,1,-1,-1,-1
438,105,1586.65,422.99,126.44,381.51,1,-1,-1,-1
439,1,1318.46,437.22,95.21,287.63,1,-1,-1,-1
439,101,1537.46,454.06,48.26,146.74,1,-1,-1,-1
439,104,850.03,455.90,41.88,127.64,1,-1,-1,-1
439,105,1591.72,420.18,134.34,405.26,1,-1,-1,-1
440,1,1307.60,439.84,92.46,279.33,1,-1,-1,-1
440,101,1536.56,454.06,48.26,146.74,1,-1,-1,-1
440,104,849.53,455.55,41.88,127.64,1,-1,-1,-1
440,105,1601.41,419.57,135.81,409.69,1,-1,-1,-1
441,1,1303.73,440.94,91.38,276.07,1,-1,-1,-1
441,101,1533.74,454.06,48.26,146.74,1,-1,-1,-1
441,104,849.37,455.42,41.88,127.64,1,-1,-1,-1
441,105,1615.37,397.79,137.98,416.19,1,-1,-1,-1
441,115,1577.98,242.21,192.94,580.81,1,-1,-1,-1
442,1,1290.43,441.39,90.98,274.87,1,-1,-1,-1
442,104,848.42,455.28,41.89,127.68,1,-1,-1,-1
442,105,1625.43,395.36,139.51,420.79,1,-1,-1,-1
442,115,1605.92,237.97,195.61,588.83,1,-1,-1,-1
443,1,1285.69,441.58,90.84,274.45,1,-1,-1,-1
443,115,1614.17,234.85,197.57,594.74,1,-1,-1,-1
444,1,1284.16,453.73,90.79,274.31,1,-1,-1,-1
445,1,1279.86,454.11,95.08,287.25,1,-1,-1,-1
446,1,1282.00,460.65,88.52,267.48,1,-1,-1,-1
447,1,1275.81,461.66,88.10,266.19,1,-1,-1,-1
448,1,1256.47,463.72,85.43,258.13,1,-1,-1,-1
449,1,1251.60,464.27,84.79,256.23,1,-1,-1,-1
450,1,1238.64,464.45,84.57,255.59,1,-1,-1,-1
450,104,841.25,455.37,41.88,127.63,1,-1,-1,-1
