3,1,1629.92,552.13,39.76,121.31,1,-1,-1,-1
3,3,503.52,548.36,29.89,91.45,1,-1,-1,-1
3,4,173.16,573.63,54.59,165.87,1,-1,-1,-1
3,5,105.99,707.20,41.22,125.62,1,-1,-1,-1
3,6,1493.38,514.29,25.39,78.17,1,-1,-1,-1
3,7,1440.41,389.52,60.78,184.39,1,-1,-1,-1
4,1,1637.36,550.42,41.24,125.83,1,-1,-1,-1
4,3,501.96,547.98,30.96,94.72,1,-1,-1,-1
4,4,162.13,577.59,55.53,168.72,1,-1,-1,-1
4,5,102.40,712.61,41.57,126.70,1,-1,-1,-1
4,6,1501.04,513.11,24.11,74.24,1,-1,-1,-1
4,7,1437.67,379.72,66.50,201.72,1,-1,-1,-1
4,8,1383.93,507.42,37.92,115.70,1,-1,-1,-1
5,1,1646.96,563.55,39.72,121.20,1,-1,-1,-1
5,3,496.76,543.06,31.30,95.78,1,-1,-1,-1
5,4,150.42,570.78,55.80,169.54,1,-1,-1,-1
5,5,76.68,706.87,39.46,120.26,1,-1,-1,-1
5,6,1504.83,511.82,23.72,73.04,1,-1,-1,-1
5,7,1442.18,386.14,65.16,197.66,1,-1,-1,-1
5,8,1386.93,505.81,38.63,117.89,1,-1,-1,-1
5,9,1551.00,567.00,39.00,119.00,1,-1,-1,-1
6,1,1655.78,574.01,39.16,119.48,1,-1,-1,-1
6,3,495.41,548.91,33.06,101.15,1,-1,-1,-1
6,4,147.04,578.56,53.24,161.75,1,-1,-1,-1
6,5,65.70,718.02,39.08,119.13,1,-1,-1,-1
6,6,1510.24,526.24,25.10,77.28,1,-1,-1,-1
6,7,1452.54,404.61,61.52,186.62,1,-1,-1,-1
6,9,1559.62,574.10,41.10,125.39,1,-1,-1,-1
7,1,1657.70,560.34,45.35,138.33,1,-1,-1,-1
7,3,494.99,546.23,33.67,103.04,1,-1,-1,-1
7,4,137.88,578.83,54.88,166.74,1,-1,-1,-1
7,5,53.59,721.61,40.96,124.86,1,-1,-1,-1
7,6,1514.37,528.31,25.09,77.25,1,-1,-1,-1
7,7,1451.57,395.66,66.46,201.58,1,-1,-1,-1
7,9,1567.66,577.43,39.81,121.46,1,-1,-1,-1
8,1,1664.75,568.42,47.46,144.74,1,-1,-1,-1
8,3,494.90,549.82,33.89,103.70,1,-1,-1,-1
8,4,127.21,586.51,55.45,168.46,1,-1,-1,-1
8,5,36.47,733.40,39.71,121.04,1,-1,-1,-1
8,6,1517.30,527.70,26.84,82.63,1,-1,-1,-1
8,7,1450.93,391.40,71.41,216.56,1,-1,-1,-1
8,8,1393.19,519.71,39.11,119.35,1,-1,-1,-1
8,9,1573.25,581.54,39.98,121.98,1,-1,-1,-1
9,1,1672.49,576.64,46.17,140.80,1,-1,-1,-1
9,3,492.63,552.16,31.00,94.86,1,-1,-1,-1
9,4,115.95,581.72,55.64,169.05,1,-1,-1,-1
9,5,19.65,737.61,39.22,119.56,1,-1,-1,-1
9,6,1521.24,529.36,27.10,83.43,1,-1,-1,-1
9,7,1450.91,400.01,70.07,212.49,1,-1,-1,-1
9,8,1395.74,521.20,39.56,120.70,1,-1,-1,-1
9,9,1583.93,591.72,39.20,119.61,1,-1,-1,-1
10,1,1680.50,593.86,43.58,132.90,1,-1,-1,-1
10,3,489.28,548.90,31.33,95.89,1,-1,-1,-1
10,4,104.51,572.28,55.70,169.21,1,-1,-1,-1
10,5,3.18,728.23,40.96,124.87,1,-1,-1,-1
10,7,1459.95,412.71,69.45,210.58,1,-1,-1,-1
10,9,1588.16,599.92,41.06,125.26,1,-1,-1,-1
11,1,1690.23,585.97,44.60,135.98,1,-1,-1,-1
11,3,488.14,552.11,31.44,96.25,1,-1,-1,-1
11,4,93.02,583.68,55.71,169.23,1,-1,-1,-1
11,5,-9.35,731.55,41.07,125.21,1,-1,-1,-1
11,7,1462.79,414.77,70.34,213.27,1,-1,-1,-1
11,8,1400.98,521.42,39.19,119.57,1,-1,-1,-1
11,9,1594.28,605.56,41.35,126.17,1,-1,-1,-1
11,15,198.26,587.72,56.68,172.37,1,-1,-1,-1
12,1,1698.08,591.38,42.97,131.02,1,-1,-1,-1
12,3,482.93,547.73,36.40,111.38,1,-1,-1,-1
12,4,84.13,585.30,56.02,170.16,1,-1,-1,-1
12,8,1403.54,522.57,39.48,120.46,1,-1,-1,-1
12,9,1600.12,593.85,44.18,134.75,1,-1,-1,-1
12,15,186.36,582.58,59.49,180.92,1,-1,-1,-1
13,1,1702.37,590.99,44.34,135.17,1,-1,-1,-1
13,3,481.34,541.33,35.00,107.10,1,-1,-1,-1
13,4,64.68,574.46,58.84,178.71,1,-1,-1,-1
13,9,1606.21,597.35,44.78,136.61,1,-1,-1,-1
13,15,173.67,572.75,60.39,183.62,1,-1,-1,-1
14,1,1709.82,584.81,44.83,136.67,1,-1,-1,-1
14,3,480.82,543.14,34.36,105.13,1,-1,-1,-1
14,4,54.69,574.78,59.41,180.44,1,-1,-1,-1
14,9,1612.78,594.48,42.64,130.07,1,-1,-1,-1
14,15,167.48,570.14,66.60,202.47,1,-1,-1,-1
15,1,1718.44,588.31,45.01,137.20,1,-1,-1,-1
15,3,480.69,543.83,34.10,104.35,1,-1,-1,-1
15,4,41.10,573.35,62.98,191.25,1,-1,-1,-1
15,8,1409.25,521.55,39.15,119.45,1,-1,-1,-1
15,9,1620.69,594.12,42.20,128.71,1,-1,-1,-1
15,15,159.12,576.33,63.13,191.89,1,-1,-1,-1
16,1,1724.85,585.00,47.20,143.82,1,-1,-1,-1
16,3,479.64,545.69,31.09,95.16,1,-1,-1,-1
16,4,30.78,573.50,63.82,193.81,1,-1,-1,-1
16,8,1415.34,526.93,39.10,119.31,1,-1,-1,-1
16,9,1629.06,599.66,42.05,128.25,1,-1,-1,-1
16,15,144.04,572.07,67.40,204.81,1,-1,-1,-1
17,1,1733.49,583.72,48.01,146.29,1,-1,-1,-1
17,3,475.71,544.75,32.91,100.73,1,-1,-1,-1
17,8,1417.37,528.70,39.09,119.26,1,-1,-1,-1
17,9,1633.88,601.51,40.13,122.39,1,-1,-1,-1
17,15,124.23,579.38,65.98,200.47,1,-1,-1,-1
18,1,1742.94,589.50,48.32,147.20,1,-1,-1,-1
18,3,473.35,539.76,36.83,112.70,1,-1,-1,-1
18,8,1422.85,531.69,40.93,124.89,1,-1,-1,-1
18,9,1640.23,604.26,40.13,122.38,1,-1,-1,-1
18,15,114.32,576.42,67.97,206.53,1,-1,-1,-1
19,1,1754.05,595.81,46.32,141.10,1,-1,-1,-1
19,3,472.46,537.87,38.32,117.22,1,-1,-1,-1
19,8,1425.28,530.46,39.80,121.43,1,-1,-1,-1
19,18,516.10,545.50,35.75,109.23,1,-1,-1,-1
20,1,1764.09,598.19,45.51,138.64,1,-1,-1,-1
20,3,468.74,541.69,35.69,109.16,1,-1,-1,-1
20,8,1426.09,529.90,39.33,120.01,1,-1,-1,-1
20,18,511.16,549.73,34.45,105.26,1,-1,-1,-1
21,1,1773.14,601.30,47.35,144.20,1,-1,-1,-1
21,3,467.34,543.29,34.57,105.75,1,-1,-1,-1
21,8,1426.30,529.66,39.16,119.47,1,-1,-1,-1
21,18,508.84,547.28,35.78,109.31,1,-1,-1,-1
22,1,1782.75,596.08,48.02,146.24,1,-1,-1,-1
22,3,464.55,536.23,39.36,120.37,1,-1,-1,-1
22,8,1431.54,529.53,39.08,119.25,1,-1,-1,-1
22,18,507.09,547.72,35.98,109.93,1,-1,-1,-1
23,1,1787.07,594.09,50.53,153.84,1,-1,-1,-1
23,3,464.11,536.44,39.33,120.24,1,-1,-1,-1
23,8,1433.44,529.46,39.05,119.16,1,-1,-1,-1
24,1,1795.25,593.30,51.48,156.72,1,-1,-1,-1
24,3,463.42,539.25,41.09,125.59,1,-1,-1,-1
24,8,1434.07,529.40,39.04,119.12,1,-1,-1,-1
24,18,501.40,552.79,36.33,110.99,1,-1,-1,-1
25,1,1809.54,599.14,49.61,151.00,1,-1,-1,-1
25,3,458.73,547.83,39.97,122.16,1,-1,-1,-1
25,8,1439.45,534.59,39.03,119.10,1,-1,-1,-1
25,18,499.32,553.87,36.52,111.58,1,-1,-1,-1
26,1,1817.03,601.97,51.12,155.58,1,-1,-1,-1
26,3,455.93,549.19,41.33,126.26,1,-1,-1,-1
26,8,1441.75,533.66,40.88,124.72,1,-1,-1,-1
27,1,1823.51,601.68,54.09,164.57,1,-1,-1,-1
27,3,454.90,549.69,41.83,127.78,1,-1,-1,-1
27,8,1447.37,541.26,39.75,121.28,1,-1,-1,-1
27,18,496.76,553.42,38.67,118.14,1,-1,-1,-1
27,19,1530.56,524.65,27.15,83.43,1,-1,-1,-1
28,1,1833.01,601.54,55.22,167.98,1,-1,-1,-1
28,3,454.56,549.88,42.02,128.31,1,-1,-1,-1
28,8,1449.45,538.97,39.30,119.89,1,-1,-1,-1
28,18,494.86,554.20,39.07,119.34,1,-1,-1,-1
28,19,1534.09,523.41,28.62,87.95,1,-1,-1,-1
29,1,1843.71,608.65,55.65,169.26,1,-1,-1,-1
29,3,450.34,552.02,40.26,122.93,1,-1,-1,-1
29,8,1455.39,543.31,39.12,119.35,1,-1,-1,-1
29,19,1535.13,527.34,29.06,89.31,1,-1,-1,-1
30,1,1856.46,619.00,53.40,162.40,1,-1,-1,-1
30,3,447.38,556.33,41.40,126.39,1,-1,-1,-1
30,8,1457.53,544.91,39.05,119.15,1,-1,-1,-1
30,19,1542.67,531.66,27.84,85.55,1,-1,-1,-1
31,1,1865.15,621.41,53.89,163.88,1,-1,-1,-1
31,3,440.80,568.94,41.82,127.65,1,-1,-1,-1
31,8,1458.24,550.70,39.03,119.07,1,-1,-1,-1
31,19,1545.19,513.59,35.46,108.91,1,-1,-1,-1
32,1,1873.16,643.08,42.70,129.90,1,-1,-1,-1
32,3,440.05,569.63,40.15,122.54,1,-1,-1,-1
32,8,1463.64,558.07,39.02,119.04,1,-1,-1,-1
32,19,1546.16,512.71,37.96,116.56,1,-1,-1,-1
33,1,1881.79,647.04,42.25,128.54,1,-1,-1,-1
33,3,439.88,564.55,39.47,120.48,1,-1,-1,-1
33,8,1465.60,550.34,39.01,119.03,1,-1,-1,-1
33,19,1551.44,502.32,38.99,119.65,1,-1,-1,-1
34,3,438.11,560.85,41.07,125.34,1,-1,-1,-1
34,8,1471.47,547.35,39.01,119.02,1,-1,-1,-1
34,9,1776.93,623.58,55.17,168.10,1,-1,-1,-1
34,18,479.22,552.80,44.60,136.18,1,-1,-1,-1
34,19,1553.49,498.12,39.35,120.72,1,-1,-1,-1
35,3,434.07,556.05,39.84,121.59,1,-1,-1,-1
35,8,1473.59,546.17,39.01,119.02,1,-1,-1,-1
35,9,1785.05,624.30,53.32,162.37,1,-1,-1,-1
35,18,479.66,553.05,41.09,125.44,1,-1,-1,-1
35,19,1559.32,496.54,39.46,120.99,1,-1,-1,-1
36,3,432.59,554.12,39.34,120.07,1,-1,-1,-1
36,8,1479.52,545.69,39.01,119.01,1,-1,-1,-1
36,9,1797.52,624.15,54.90,167.10,1,-1,-1,-1
36,15,87.33,596.52,74.09,224.93,1,-1,-1,-1
36,18,474.29,550.96,41.67,127.21,1,-1,-1,-1
36,19,1561.50,496.00,39.46,120.97,1,-1,-1,-1
37,3,429.96,545.63,41.01,125.13,1,-1,-1,-1
37,8,1481.66,545.48,39.01,119.01,1,-1,-1,-1
37,9,1807.10,621.65,58.04,176.59,1,-1,-1,-1
37,15,77.76,597.85,73.77,223.86,1,-1,-1,-1
37,18,471.99,551.09,42.01,128.23,1,-1,-1,-1
37,19,1567.41,495.87,39.44,120.84,1,-1,-1,-1
37,21,1573.66,521.91,26.86,82.54,1,-1,-1,-1
38,3,425.97,550.10,39.81,121.46,1,-1,-1,-1
38,8,1484.54,537.28,40.85,124.64,1,-1,-1,-1
38,9,1819.94,623.07,56.74,172.59,1,-1,-1,-1
38,15,74.19,598.30,74.33,225.56,1,-1,-1,-1
38,19,1570.32,485.67,41.22,126.24,1,-1,-1,-1
38,21,1574.44,520.84,27.09,83.25,1,-1,-1,-1
39,3,424.51,546.64,39.32,119.97,1,-1,-1,-1
39,8,1488.56,542.17,39.73,121.21,1,-1,-1,-1
39,9,1832.00,630.87,56.18,170.84,1,-1,-1,-1
39,19,1575.74,486.79,40.10,122.79,1,-1,-1,-1
40,3,424.04,545.36,39.13,119.40,1,-1,-1,-1
40,8,1495.23,538.87,39.28,119.83,1,-1,-1,-1
40,9,1843.03,631.87,58.54,177.97,1,-1,-1,-1
40,19,1582.95,487.39,39.61,121.23,1,-1,-1,-1
41,3,423.93,544.90,39.06,119.19,1,-1,-1,-1
41,8,1502.88,542.87,39.10,119.30,1,-1,-1,-1
41,9,1848.55,627.95,62.16,188.92,1,-1,-1,-1
41,19,1586.60,485.25,40.34,123.46,1,-1,-1,-1
41,21,1592.08,508.43,31.18,95.81,1,-1,-1,-1
42,3,421.44,547.85,40.88,124.73,1,-1,-1,-1
42,8,1505.64,544.37,39.04,119.10,1,-1,-1,-1
42,9,1857.41,629.10,63.10,191.77,1,-1,-1,-1
42,19,1592.38,493.68,39.41,120.60,1,-1,-1,-1
42,21,1595.40,505.83,31.97,98.25,1,-1,-1,-1
43,3,417.87,551.05,39.75,121.27,1,-1,-1,-1
43,8,1509.90,542.42,40.86,124.66,1,-1,-1,-1
43,19,1594.10,500.84,39.27,120.12,1,-1,-1,-1
44,3,413.66,550.20,41.14,125.52,1,-1,-1,-1
44,8,1513.28,549.29,39.73,121.20,1,-1,-1,-1
44,19,1596.52,493.41,41.06,125.56,1,-1,-1,-1
45,3,414.98,551.98,39.84,121.53,1,-1,-1,-1
45,8,1518.11,549.86,41.13,125.46,1,-1,-1,-1
45,19,1600.07,489.58,43.67,133.47,1,-1,-1,-1
46,3,410.36,552.68,39.31,119.94,1,-1,-1,-1
46,8,1519.84,550.06,41.65,127.03,1,-1,-1,-1
46,19,1601.98,503.87,40.98,125.24,1,-1,-1,-1
47,3,408.69,552.94,39.12,119.34,1,-1,-1,-1
47,8,1527.08,557.38,40.01,122.05,1,-1,-1,-1
47,19,1613.04,504.58,39.82,121.68,1,-1,-1,-1
48,3,405.77,552.63,42.88,130.80,1,-1,-1,-1
48,8,1534.99,560.20,39.37,120.08,1,-1,-1,-1
48,19,1622.31,504.84,39.38,120.32,1,-1,-1,-1
48,21,1623.90,529.97,27.91,85.75,1,-1,-1,-1
49,3,406.97,557.96,40.56,123.74,1,-1,-1,-1
49,8,1537.04,559.45,40.99,125.01,1,-1,-1,-1
49,18,448.88,560.76,39.19,119.61,1,-1,-1,-1
49,19,1626.83,504.84,39.69,121.25,1,-1,-1,-1
49,21,1626.12,532.99,30.56,93.89,1,-1,-1,-1
50,3,402.36,554.88,39.58,120.74,1,-1,-1,-1
50,8,1537.73,559.15,41.58,126.83,1,-1,-1,-1
50,18,446.83,561.34,39.15,119.48,1,-1,-1,-1
50,21,1631.30,529.58,31.25,95.95,1,-1,-1,-1
50,25,339.00,553.00,39.00,119.00,1,-1,-1,-1
51,3,400.71,558.99,39.21,119.62,1,-1,-1,-1
51,8,1543.79,565.90,39.98,121.95,1,-1,-1,-1
51,19,1633.50,504.97,39.18,119.69,1,-1,-1,-1
51,21,1635.25,529.88,31.64,97.16,1,-1,-1,-1
51,25,336.99,553.00,39.00,119.00,1,-1,-1,-1
52,3,396.50,558.75,40.93,124.86,1,-1,-1,-1
52,8,1551.24,568.48,39.35,120.03,1,-1,-1,-1
52,19,1637.83,504.98,39.39,120.33,1,-1,-1,-1
52,21,1642.89,533.51,29.93,91.91,1,-1,-1,-1
52,25,335.29,550.65,41.05,125.24,1,-1,-1,-1
53,3,394.98,558.66,41.57,126.79,1,-1,-1,-1
53,8,1553.83,568.01,40.98,124.98,1,-1,-1,-1
53,19,1641.27,505.00,39.10,119.43,1,-1,-1,-1
53,21,1647.19,534.12,30.13,92.51,1,-1,-1,-1
53,25,328.87,555.75,41.74,127.36,1,-1,-1,-1
54,3,392.89,560.33,39.99,121.96,1,-1,-1,-1
54,8,1560.27,567.81,41.58,126.80,1,-1,-1,-1
54,19,1649.51,520.00,34.10,104.18,1,-1,-1,-1
54,25,328.05,554.06,40.05,122.20,1,-1,-1,-1
55,3,388.14,559.20,41.22,125.73,1,-1,-1,-1
55,8,1563.74,564.23,43.77,133.47,1,-1,-1,-1
55,18,433.19,553.16,44.47,135.65,1,-1,-1,-1
55,19,1649.36,505.42,39.32,120.10,1,-1,-1,-1
55,21,1656.15,534.66,29.48,90.52,1,-1,-1,-1
55,25,327.93,553.38,39.38,120.16,1,-1,-1,-1
56,3,385.23,560.51,39.85,121.54,1,-1,-1,-1
56,8,1565.07,555.43,48.90,149.06,1,-1,-1,-1
56,18,426.22,552.55,44.87,136.84,1,-1,-1,-1
56,19,1653.47,505.10,39.60,120.95,1,-1,-1,-1
56,21,1658.80,534.27,30.85,94.70,1,-1,-1,-1
56,25,322.53,553.14,39.14,119.41,1,-1,-1,-1
57,3,379.79,559.23,41.17,125.55,1,-1,-1,-1
57,8,1572.14,552.05,50.88,155.03,1,-1,-1,-1
57,18,423.53,552.23,45.26,138.03,1,-1,-1,-1
57,21,1662.48,530.68,29.93,91.86,1,-1,-1,-1
57,25,320.65,553.04,39.05,119.14,1,-1,-1,-1
58,3,377.00,555.32,39.82,121.46,1,-1,-1,-1
58,8,1574.87,550.65,51.67,157.41,1,-1,-1,-1
58,21,1665.23,528.50,30.96,95.02,1,-1,-1,-1
58,25,314.70,553.01,39.01,119.03,1,-1,-1,-1
58,29,497.60,552.43,22.39,69.34,1,-1,-1,-1
59,3,376.89,551.63,41.16,125.51,1,-1,-1,-1
59,8,1582.49,550.10,51.96,158.27,1,-1,-1,-1
59,21,1666.85,525.11,32.82,100.70,1,-1,-1,-1
59,25,310.38,550.83,40.88,124.73,1,-1,-1,-1
59,29,493.20,546.63,24.52,75.92,1,-1,-1,-1
60,3,371.35,550.28,41.65,127.00,1,-1,-1,-1
60,8,1586.79,557.86,49.84,151.76,1,-1,-1,-1
60,18,414.68,552.23,45.10,137.48,1,-1,-1,-1
60,19,1665.01,506.56,41.68,127.27,1,-1,-1,-1
60,21,1670.63,524.68,33.18,101.78,1,-1,-1,-1
60,25,308.85,550.03,41.58,126.83,1,-1,-1,-1
60,29,489.10,550.00,22.96,71.08,1,-1,-1,-1
61,3,363.74,549.77,41.83,127.56,1,-1,-1,-1
61,8,1587.14,548.98,53.67,163.41,1,-1,-1,-1
61,18,411.94,551.99,45.39,138.37,1,-1,-1,-1
61,19,1666.62,484.48,46.10,140.71,1,-1,-1,-1
61,25,305.32,551.85,39.99,122.00,1,-1,-1,-1
61,29,486.77,549.33,23.13,71.62,1,-1,-1,-1
62,3,366.02,551.70,40.06,122.17,1,-1,-1,-1
62,8,1593.63,549.42,52.74,160.52,1,-1,-1,-1
62,19,1670.19,482.63,46.78,142.76,1,-1,-1,-1
62,25,304.10,547.26,39.36,120.09,1,-1,-1,-1
63,3,361.86,561.66,41.24,125.76,1,-1,-1,-1
63,8,1605.18,551.21,47.97,146.00,1,-1,-1,-1
63,18,411.57,564.40,42.53,129.65,1,-1,-1,-1
63,19,1675.03,468.20,47.94,146.25,1,-1,-1,-1
63,21,1685.83,511.31,33.81,103.68,1,-1,-1,-1
63,25,298.45,561.46,39.13,119.37,1,-1,-1,-1
64,3,359.27,549.94,43.64,133.04,1,-1,-1,-1
64,8,1607.02,557.34,50.55,153.86,1,-1,-1,-1
64,18,409.06,556.74,40.11,122.30,1,-1,-1,-1
64,19,1678.70,465.46,48.65,148.40,1,-1,-1,-1
64,21,1689.35,512.02,37.31,114.34,1,-1,-1,-1
64,25,295.19,549.73,42.91,130.87,1,-1,-1,-1
65,3,353.95,555.12,42.61,129.91,1,-1,-1,-1
65,8,1608.27,560.71,49.23,149.82,1,-1,-1,-1
65,18,404.88,557.81,41.23,125.69,1,-1,-1,-1
65,21,1690.67,507.18,38.50,117.92,1,-1,-1,-1
65,25,288.17,551.28,44.29,135.06,1,-1,-1,-1
66,3,352.26,564.19,40.34,122.99,1,-1,-1,-1
66,8,1615.01,562.03,48.68,148.14,1,-1,-1,-1
66,18,403.42,563.79,41.62,126.88,1,-1,-1,-1
66,21,1696.12,505.27,38.96,119.29,1,-1,-1,-1
66,25,287.44,562.56,41.08,125.29,1,-1,-1,-1
67,3,343.82,550.51,43.36,132.17,1,-1,-1,-1
67,8,1624.80,573.98,46.34,141.01,1,-1,-1,-1
67,18,397.34,554.85,41.77,127.34,1,-1,-1,-1
67,21,1698.14,514.77,39.13,119.77,1,-1,-1,-1
67,25,284.04,554.30,41.64,126.98,1,-1,-1,-1
68,3,337.53,545.34,46.51,141.75,1,-1,-1,-1
68,8,1627.34,566.85,47.59,144.83,1,-1,-1,-1
68,18,389.60,559.16,43.82,133.56,1,-1,-1,-1
68,21,1702.93,522.58,34.46,105.47,1,-1,-1,-1
68,25,277.27,556.91,41.84,127.59,1,-1,-1,-1
69,3,332.59,543.64,45.68,139.22,1,-1,-1,-1
69,8,1628.54,569.87,50.32,153.10,1,-1,-1,-1
69,18,386.66,558.69,42.64,129.95,1,-1,-1,-1
69,21,1707.15,527.76,34.08,104.30,1,-1,-1,-1
69,25,273.69,557.13,42.03,128.15,1,-1,-1,-1
70,3,328.48,540.52,49.69,151.38,1,-1,-1,-1
70,8,1634.91,571.77,49.12,149.45,1,-1,-1,-1
70,18,385.67,558.49,42.16,128.49,1,-1,-1,-1
70,21,1707.10,523.45,37.29,114.11,1,-1,-1,-1
71,3,325.54,541.46,49.00,149.25,1,-1,-1,-1
71,8,1638.01,571.68,50.90,154.86,1,-1,-1,-1
71,18,379.46,554.52,43.97,133.99,1,-1,-1,-1
71,21,1707.10,521.89,38.47,117.68,1,-1,-1,-1
72,3,322.35,548.13,46.58,141.90,1,-1,-1,-1
72,8,1641.87,568.84,53.97,164.17,1,-1,-1,-1
72,18,377.50,556.87,42.69,130.09,1,-1,-1,-1
72,21,1706.96,516.15,38.93,119.06,1,-1,-1,-1
72,38,497.52,524.62,44.15,134.54,1,-1,-1,-1
73,3,317.04,544.42,47.76,145.45,1,-1,-1,-1
73,8,1643.28,567.73,55.15,167.72,1,-1,-1,-1
73,18,371.27,557.81,42.17,128.52,1,-1,-1,-1
73,21,1706.78,519.04,39.10,119.55,1,-1,-1,-1
73,38,490.29,518.17,44.90,136.85,1,-1,-1,-1
74,3,309.33,540.92,50.43,153.56,1,-1,-1,-1
74,8,1647.62,570.04,53.21,161.80,1,-1,-1,-1
74,18,369.04,558.16,41.98,127.93,1,-1,-1,-1
74,21,1711.77,520.18,39.16,119.69,1,-1,-1,-1
74,38,487.12,516.43,45.67,139.17,1,-1,-1,-1
75,3,304.60,547.85,47.17,143.64,1,-1,-1,-1
75,8,1654.34,578.15,50.13,152.44,1,-1,-1,-1
75,18,361.57,554.40,43.89,133.75,1,-1,-1,-1
75,21,1713.61,520.63,39.17,119.70,1,-1,-1,-1
76,3,297.82,544.35,47.96,146.00,1,-1,-1,-1
76,8,1658.45,580.86,51.26,155.86,1,-1,-1,-1
76,18,356.40,553.11,46.70,142.28,1,-1,-1,-1
76,21,1714.97,526.82,35.86,109.62,1,-1,-1,-1
77,3,288.65,540.92,50.50,153.71,1,-1,-1,-1
77,8,1659.90,581.83,51.66,157.08,1,-1,-1,-1
77,18,351.06,552.51,45.72,139.27,1,-1,-1,-1
77,21,1714.56,523.04,37.95,115.99,1,-1,-1,-1
78,3,285.13,547.92,47.16,143.56,1,-1,-1,-1
78,8,1664.97,582.49,49.55,150.65,1,-1,-1,-1
78,18,343.14,552.29,45.30,137.99,1,-1,-1,-1
78,21,1714.43,521.72,38.69,118.22,1,-1,-1,-1
79,3,278.02,544.40,47.93,145.89,1,-1,-1,-1
79,8,1668.99,582.33,51.02,155.12,1,-1,-1,-1
79,18,340.26,552.22,45.13,137.48,1,-1,-1,-1
79,21,1716.61,521.58,39.00,119.16,1,-1,-1,-1
80,3,275.50,543.13,48.21,146.72,1,-1,-1,-1
80,8,1670.41,582.26,51.56,156.75,1,-1,-1,-1
80,18,333.32,552.20,45.07,137.27,1,-1,-1,-1
80,38,455.91,531.58,42.19,128.58,1,-1,-1,-1
81,3,268.65,548.95,46.19,140.59,1,-1,-1,-1
81,8,1670.81,582.19,51.76,157.36,1,-1,-1,-1
81,18,324.83,552.21,45.04,137.17,1,-1,-1,-1
81,25,150.24,552.57,44.87,136.79,1,-1,-1,-1
81,38,448.08,526.22,41.94,127.83,1,-1,-1,-1
82,3,259.35,551.34,47.55,144.72,1,-1,-1,-1
82,8,1675.08,579.80,54.27,164.97,1,-1,-1,-1
82,18,320.05,551.92,45.19,137.64,1,-1,-1,-1
82,25,139.91,552.38,44.96,137.04,1,-1,-1,-1
82,38,442.50,525.31,43.93,133.85,1,-1,-1,-1
82,45,523.00,537.00,39.00,119.00,1,-1,-1,-1
83,3,256.02,552.21,48.05,146.23,1,-1,-1,-1
83,8,1676.62,578.89,55.21,167.81,1,-1,-1,-1
83,18,313.88,559.24,45.03,137.14,1,-1,-1,-1
83,25,129.98,552.43,47.13,143.59,1,-1,-1,-1
83,38,438.05,530.08,42.65,129.96,1,-1,-1,-1
83,45,520.70,537.00,39.00,119.00,1,-1,-1,-1
84,3,249.74,552.42,46.12,140.36,1,-1,-1,-1
84,8,1677.10,578.51,55.57,168.89,1,-1,-1,-1
84,18,309.43,564.47,42.98,130.90,1,-1,-1,-1
84,25,126.72,556.14,43.91,133.78,1,-1,-1,-1
84,38,433.22,530.63,42.66,129.99,1,-1,-1,-1
84,45,514.32,537.00,39.00,119.00,1,-1,-1,-1
85,3,239.80,552.60,47.52,144.60,1,-1,-1,-1
85,8,1676.54,581.59,58.29,177.12,1,-1,-1,-1
85,18,299.20,556.80,46.42,141.38,1,-1,-1,-1
85,25,119.90,559.79,44.60,135.89,1,-1,-1,-1
85,45,506.63,542.66,39.00,119.00,1,-1,-1,-1
85,46,1655.23,477.59,92.58,279.62,1,-1,-1,-1
86,3,233.57,550.96,50.29,153.01,1,-1,-1,-1
86,8,1684.08,579.55,56.77,172.47,1,-1,-1,-1
86,18,292.99,563.23,43.64,132.90,1,-1,-1,-1
86,25,111.56,561.11,44.85,136.65,1,-1,-1,-1
86,29,335.00,558.66,29.10,89.92,1,-1,-1,-1
86,38,415.93,533.65,44.57,135.80,1,-1,-1,-1
86,45,502.03,543.85,39.00,119.00,1,-1,-1,-1
86,46,1655.08,464.86,90.94,274.68,1,-1,-1,-1
87,3,227.65,552.01,49.11,149.44,1,-1,-1,-1
87,8,1686.83,581.98,58.74,178.44,1,-1,-1,-1
87,18,286.45,562.31,44.50,135.51,1,-1,-1,-1
87,25,107.38,555.73,47.07,143.37,1,-1,-1,-1
87,29,329.13,560.36,27.89,86.09,1,-1,-1,-1
87,38,410.34,534.39,44.77,136.41,1,-1,-1,-1
87,45,497.08,545.01,39.00,119.00,1,-1,-1,-1
87,46,1649.60,464.50,100.54,303.67,1,-1,-1,-1
88,3,221.67,558.31,46.50,141.48,1,-1,-1,-1
88,8,1687.92,586.89,56.91,172.86,1,-1,-1,-1
88,18,278.17,561.97,44.81,136.46,1,-1,-1,-1
88,25,101.28,559.47,45.82,139.55,1,-1,-1,-1
88,29,323.23,560.77,28.03,86.51,1,-1,-1,-1
88,45,492.43,546.19,39.00,119.00,1,-1,-1,-1
88,46,1670.41,518.47,86.40,261.00,1,-1,-1,-1
88,48,1373.84,520.03,20.11,62.31,1,-1,-1,-1
89,3,217.09,561.26,47.65,144.98,1,-1,-1,-1
89,8,1688.08,592.63,58.78,178.52,1,-1,-1,-1
89,18,268.85,562.37,47.04,143.25,1,-1,-1,-1
89,25,93.23,560.95,45.30,137.98,1,-1,-1,-1
89,46,1673.39,527.54,84.60,255.56,1,-1,-1,-1
89,48,1372.72,520.49,20.29,62.85,1,-1,-1,-1
90,3,215.50,562.32,48.07,146.24,1,-1,-1,-1
90,8,1690.68,588.74,62.23,188.98,1,-1,-1,-1
90,18,265.79,567.86,45.80,139.47,1,-1,-1,-1
90,25,84.41,567.51,45.11,137.37,1,-1,-1,-1
90,38,387.66,548.15,42.30,128.90,1,-1,-1,-1
90,46,1673.93,534.41,89.66,270.86,1,-1,-1,-1
90,50,424.65,553.76,40.62,123.78,1,-1,-1,-1
91,3,208.67,562.70,48.22,146.72,1,-1,-1,-1
91,8,1689.08,593.15,60.83,184.70,1,-1,-1,-1
91,18,258.09,571.01,47.43,144.39,1,-1,-1,-1
91,25,75.31,569.97,45.03,137.13,1,-1,-1,-1
91,38,381.59,549.84,42.25,128.74,1,-1,-1,-1
91,45,473.54,552.68,39.00,119.00,1,-1,-1,-1
91,46,1674.43,536.85,90.33,272.89,1,-1,-1,-1
91,50,418.63,560.56,39.19,119.44,1,-1,-1,-1
92,3,199.83,569.22,48.28,146.88,1,-1,-1,-1
92,8,1691.56,594.34,61.42,186.49,1,-1,-1,-1
92,18,248.98,572.16,48.03,146.21,1,-1,-1,-1
92,25,69.14,571.85,47.13,143.50,1,-1,-1,-1
92,38,377.32,544.90,44.36,135.15,1,-1,-1,-1
92,45,468.37,554.17,39.00,119.00,1,-1,-1,-1
92,46,1679.90,548.07,86.47,261.23,1,-1,-1,-1
92,50,408.17,555.94,43.17,131.56,1,-1,-1,-1
93,3,190.22,571.68,48.30,146.93,1,-1,-1,-1
93,8,1691.38,598.04,63.44,192.59,1,-1,-1,-1
93,18,240.92,577.54,46.15,140.50,1,-1,-1,-1
93,25,60.63,572.53,47.91,145.87,1,-1,-1,-1
93,38,369.80,561.19,40.90,124.62,1,-1,-1,-1
93,46,1676.38,553.62,89.22,269.55,1,-1,-1,-1
93,50,403.91,564.38,42.36,129.11,1,-1,-1,-1
93,52,1232.08,483.61,48.29,146.74,1,-1,-1,-1
94,3,180.33,572.56,48.30,146.94,1,-1,-1,-1
94,8,1696.90,604.57,61.16,185.67,1,-1,-1,-1
94,18,238.07,579.59,45.41,138.23,1,-1,-1,-1
94,25,49.08,577.71,46.11,140.39,1,-1,-1,-1
94,38,363.75,563.65,40.71,124.07,1,-1,-1,-1
94,45,455.83,558.15,41.41,126.34,1,-1,-1,-1
94,46,1675.10,555.46,90.20,272.52,1,-1,-1,-1
94,50,396.67,567.39,42.03,128.11,1,-1,-1,-1
94,52,1231.50,484.69,47.79,145.23,1,-1,-1,-1
95,3,176.76,572.86,48.30,146.93,1,-1,-1,-1
95,8,1700.04,602.15,66.15,200.76,1,-1,-1,-1
95,18,225.90,574.46,49.55,150.83,1,-1,-1,-1
95,25,41.08,579.19,46.24,140.79,1,-1,-1,-1
95,38,371.53,547.73,46.53,141.75,1,-1,-1,-1
95,45,450.45,559.74,41.64,127.04,1,-1,-1,-1
95,46,1675.81,555.96,94.92,286.77,1,-1,-1,-1
95,50,392.60,575.21,39.98,121.85,1,-1,-1,-1
95,52,1223.94,477.40,54.48,165.54,1,-1,-1,-1
96,3,163.28,572.13,50.57,153.83,1,-1,-1,-1
96,8,1703.19,608.78,65.05,197.40,1,-1,-1,-1
96,18,218.27,579.60,48.86,148.72,1,-1,-1,-1
96,38,356.18,550.96,45.64,139.03,1,-1,-1,-1
96,46,1686.72,555.90,92.44,279.27,1,-1,-1,-1
96,50,385.86,577.85,39.22,119.55,1,-1,-1,-1
96,52,1221.60,476.36,55.80,169.54,1,-1,-1,-1
97,3,158.32,571.83,51.42,156.40,1,-1,-1,-1
97,8,1704.33,611.39,64.56,195.90,1,-1,-1,-1
97,18,215.53,581.64,48.56,147.79,1,-1,-1,-1
97,38,341.00,552.32,47.40,144.35,1,-1,-1,-1
97,46,1690.94,555.52,91.44,276.27,1,-1,-1,-1
97,50,380.80,582.11,38.82,118.32,1,-1,-1,-1
98,3,149.31,577.42,47.40,144.18,1,-1,-1,-1
98,8,1713.12,612.33,64.36,195.26,1,-1,-1,-1
98,18,208.29,582.38,48.44,147.40,1,-1,-1,-1
98,21,1689.99,536.75,39.04,119.25,1,-1,-1,-1
98,38,330.55,551.12,50.28,153.11,1,-1,-1,-1
98,46,1694.56,542.31,95.39,288.20,1,-1,-1,-1
98,50,370.32,578.85,38.91,118.62,1,-1,-1,-1
99,3,140.08,581.01,47.96,145.87,1,-1,-1,-1
99,8,1716.39,612.64,64.27,194.97,1,-1,-1,-1
99,18,199.33,582.63,48.38,147.23,1,-1,-1,-1
99,21,1689.04,542.87,39.00,119.11,1,-1,-1,-1
99,38,320.27,566.80,45.21,137.67,1,-1,-1,-1
99,45,415.98,562.00,44.64,136.15,1,-1,-1,-1
99,46,1697.23,545.61,95.71,289.17,1,-1,-1,-1
99,48,1352.04,529.35,21.93,67.93,1,-1,-1,-1
99,50,362.20,577.57,40.83,124.46,1,-1,-1,-1
100,3,130.42,582.28,48.15,146.47,1,-1,-1,-1
100,8,1716.06,614.03,67.22,203.89,1,-1,-1,-1
100,18,191.60,582.34,50.63,154.04,1,-1,-1,-1
100,21,1688.73,544.65,39.00,119.08,1,-1,-1,-1
100,38,330.36,556.14,49.60,151.00,1,-1,-1,-1
100,45,406.78,562.13,44.93,137.00,1,-1,-1,-1
100,48,1350.17,530.14,22.10,68.44,1,-1,-1,-1
100,50,356.15,580.29,40.77,124.27,1,-1,-1,-1
101,3,120.56,582.70,48.23,146.70,1,-1,-1,-1
101,8,1715.89,614.54,68.33,207.22,1,-1,-1,-1
101,18,182.05,582.22,51.47,156.58,1,-1,-1,-1
101,21,1688.64,545.28,39.00,119.06,1,-1,-1,-1
101,38,324.79,556.99,50.13,152.62,1,-1,-1,-1
101,45,402.66,565.64,43.07,131.32,1,-1,-1,-1
101,50,345.34,577.15,41.61,126.82,1,-1,-1,-1
102,3,117.86,587.41,46.13,140.32,1,-1,-1,-1
102,8,1718.05,614.16,71.92,218.08,1,-1,-1,-1
102,18,171.75,582.14,51.79,157.54,1,-1,-1,-1
102,21,1683.35,545.47,39.00,119.05,1,-1,-1,-1
102,45,395.71,566.94,42.34,129.08,1,-1,-1,-1
102,50,336.52,576.73,41.79,127.38,1,-1,-1,-1
103,3,109.82,584.47,47.48,144.44,1,-1,-1,-1
103,8,1725.41,614.50,70.15,212.71,1,-1,-1,-1
103,18,167.04,582.41,49.65,151.02,1,-1,-1,-1
103,21,1681.39,545.51,39.00,119.05,1,-1,-1,-1
103,38,293.44,580.22,41.27,125.69,1,-1,-1,-1
103,45,387.77,569.91,44.06,134.30,1,-1,-1,-1
103,46,1714.12,553.17,97.42,294.33,1,-1,-1,-1
103,50,327.83,576.54,41.85,127.58,1,-1,-1,-1
104,3,100.59,583.39,47.97,145.93,1,-1,-1,-1
104,8,1728.24,614.56,69.40,210.40,1,-1,-1,-1
104,18,159.06,582.48,48.80,148.43,1,-1,-1,-1
104,21,1680.69,545.48,39.00,119.04,1,-1,-1,-1
104,38,282.46,584.36,39.62,120.67,1,-1,-1,-1
104,45,379.31,574.03,42.74,130.28,1,-1,-1,-1
104,46,1717.27,556.04,97.78,295.40,1,-1,-1,-1
104,50,319.15,576.42,41.88,127.65,1,-1,-1,-1
104,60,247.80,587.94,32.92,101.33,1,-1,-1,-1
105,3,88.18,582.59,50.44,153.40,1,-1,-1,-1
105,8,1732.17,614.03,72.31,219.20,1,-1,-1,-1
105,18,151.92,583.21,48.92,148.79,1,-1,-1,-1
105,21,1680.47,545.44,39.00,119.04,1,-1,-1,-1
105,38,275.01,586.97,39.27,119.63,1,-1,-1,-1
105,45,367.91,566.99,46.34,141.22,1,-1,-1,-1
105,48,1338.33,534.01,22.01,68.16,1,-1,-1,-1
105,50,312.65,582.55,40.03,122.04,1,-1,-1,-1
105,60,239.90,591.02,33.82,104.06,1,-1,-1,-1
105,62,1541.02,514.34,31.44,96.47,1,-1,-1,-1
106,3,76.87,582.27,51.36,156.21,1,-1,-1,-1
106,8,1730.71,623.21,70.24,212.89,1,-1,-1,-1
106,21,1675.18,545.40,39.00,119.03,1,-1,-1,-1
106,25,17.44,580.40,45.03,137.09,1,-1,-1,-1
106,38,260.24,581.95,43.68,133.04,1,-1,-1,-1
106,45,359.90,569.72,45.59,138.93,1,-1,-1,-1
106,48,1335.83,533.45,23.11,71.51,1,-1,-1,-1
106,50,302.61,578.48,41.21,125.61,1,-1,-1,-1
106,60,230.65,591.85,32.51,100.01,1,-1,-1,-1
106,62,1536.32,515.72,29.97,91.96,1,-1,-1,-1
107,3,72.71,575.32,51.72,157.29,1,-1,-1,-1
107,8,1732.94,617.20,72.61,220.05,1,-1,-1,-1
107,18,129.34,582.09,51.31,156.05,1,-1,-1,-1
107,21,1673.22,545.36,39.00,119.03,1,-1,-1,-1
107,25,13.16,581.00,45.00,137.02,1,-1,-1,-1
107,38,252.02,583.75,43.84,133.53,1,-1,-1,-1
107,45,351.08,570.77,45.27,137.93,1,-1,-1,-1
107,48,1333.74,534.12,23.29,72.08,1,-1,-1,-1
107,50,285.34,558.25,53.03,161.57,1,-1,-1,-1
107,60,218.47,586.42,38.98,119.85,1,-1,-1,-1
107,62,1534.08,515.81,27.98,85.84,1,-1,-1,-1
108,3,60.19,569.80,54.27,165.01,1,-1,-1,-1
108,8,1739.74,624.39,70.31,213.07,1,-1,-1,-1
108,18,121.50,582.60,51.61,156.96,1,-1,-1,-1
108,21,1666.91,537.20,40.85,124.67,1,-1,-1,-1
108,45,340.55,557.59,49.52,150.85,1,-1,-1,-1
108,50,271.58,543.83,57.28,174.46,1,-1,-1,-1
108,60,210.74,584.05,37.82,116.25,1,-1,-1,-1
108,62,1532.05,515.98,27.33,83.84,1,-1,-1,-1
108,63,387.00,553.00,39.00,119.00,1,-1,-1,-1
109,3,53.14,570.47,52.85,160.69,1,-1,-1,-1
109,8,1742.30,627.17,69.37,210.21,1,-1,-1,-1
109,18,116.35,581.93,51.78,157.46,1,-1,-1,-1
109,21,1664.96,542.13,39.73,121.23,1,-1,-1,-1
109,45,330.57,549.05,53.45,162.77,1,-1,-1,-1
109,50,262.91,542.17,58.62,178.53,1,-1,-1,-1
109,60,200.27,583.65,40.73,125.14,1,-1,-1,-1
109,63,383.84,553.00,39.00,119.00,1,-1,-1,-1
110,3,43.87,570.76,52.26,158.88,1,-1,-1,-1
110,8,1745.10,626.34,75.71,229.41,1,-1,-1,-1
110,18,107.30,581.84,51.85,157.68,1,-1,-1,-1
110,21,1664.29,544.09,39.27,119.84,1,-1,-1,-1
110,45,322.69,562.31,48.46,147.58,1,-1,-1,-1
110,60,193.08,584.13,40.04,122.95,1,-1,-1,-1
110,62,1523.30,523.31,21.12,64.86,1,-1,-1,-1
110,64,270.36,584.28,41.12,125.46,1,-1,-1,-1
111,3,33.72,570.87,52.03,158.17,1,-1,-1,-1
111,8,1746.13,626.04,78.05,236.45,1,-1,-1,-1
111,18,97.26,581.80,51.88,157.74,1,-1,-1,-1
111,21,1662.38,544.46,39.29,119.91,1,-1,-1,-1
111,45,315.75,562.45,48.44,147.49,1,-1,-1,-1
111,48,1324.42,534.29,22.17,68.59,1,-1,-1,-1
111,60,182.19,588.08,37.97,116.54,1,-1,-1,-1
111,62,1518.94,524.16,20.40,62.69,1,-1,-1,-1
111,64,260.31,584.04,41.83,127.62,1,-1,-1,-1
112,3,24.25,575.46,54.37,165.28,1,-1,-1,-1
112,8,1746.43,625.86,78.96,239.18,1,-1,-1,-1
112,18,86.81,581.78,51.88,157.75,1,-1,-1,-1
112,21,1657.79,544.96,39.07,119.22,1,-1,-1,-1
112,45,306.92,568.89,48.43,147.45,1,-1,-1,-1
112,48,1322.26,534.78,22.21,68.73,1,-1,-1,-1
112,60,174.97,591.18,35.48,108.88,1,-1,-1,-1
112,62,1515.86,525.38,19.09,58.66,1,-1,-1,-1
112,64,250.93,583.97,42.03,128.24,1,-1,-1,-1
113,3,13.09,579.46,52.85,160.66,1,-1,-1,-1
113,8,1746.45,625.75,79.29,240.15,1,-1,-1,-1
113,18,78.67,582.09,52.11,158.44,1,-1,-1,-1
113,21,1655.65,545.35,39.07,119.23,1,-1,-1,-1
113,45,297.40,571.33,48.42,147.40,1,-1,-1,-1
113,60,165.98,590.83,36.14,110.88,1,-1,-1,-1
113,63,346.04,560.68,39.00,119.00,1,-1,-1,-1
113,64,241.96,583.96,42.07,128.34,1,-1,-1,-1
114,3,8.61,581.38,49.95,151.82,1,-1,-1,-1
114,8,1746.38,625.66,79.39,240.43,1,-1,-1,-1
114,18,65.79,581.77,51.89,157.76,1,-1,-1,-1
114,45,289.43,572.20,48.77,148.47,1,-1,-1,-1
114,60,154.88,592.22,38.10,116.83,1,-1,-1,-1
114,62,1506.06,524.36,20.23,62.22,1,-1,-1,-1
114,63,339.27,561.78,39.00,119.00,1,-1,-1,-1
114,64,233.49,590.11,40.12,122.39,1,-1,-1,-1
115,3,0.77,581.74,51.15,155.48,1,-1,-1,-1
115,8,1746.28,625.60,79.41,240.45,1,-1,-1,-1
115,18,52.12,574.61,57.04,173.38,1,-1,-1,-1
115,45,277.89,572.45,48.43,147.40,1,-1,-1,-1
115,60,144.28,596.05,37.15,113.89,1,-1,-1,-1
115,62,1502.42,525.04,19.51,59.98,1,-1,-1,-1
115,63,327.91,559.18,41.29,125.99,1,-1,-1,-1
115,64,225.28,592.40,39.37,120.10,1,-1,-1,-1
116,3,-1.99,588.60,49.31,149.90,1,-1,-1,-1
116,8,1749.48,621.24,83.07,251.51,1,-1,-1,-1
116,18,45.12,576.61,56.31,171.13,1,-1,-1,-1
116,45,268.20,577.72,46.21,140.65,1,-1,-1,-1
116,60,135.60,597.58,36.74,112.58,1,-1,-1,-1
116,63,320.85,560.61,39.86,121.60,1,-1,-1,-1
116,64,210.21,592.91,41.03,125.17,1,-1,-1,-1
117,3,-9.76,589.82,49.23,149.66,1,-1,-1,-1
117,8,1757.58,633.99,80.83,244.70,1,-1,-1,-1
117,18,35.43,577.44,55.98,170.11,1,-1,-1,-1
117,45,256.21,573.68,49.89,151.82,1,-1,-1,-1
117,60,123.19,594.77,38.29,117.30,1,-1,-1,-1
117,63,313.18,561.11,39.31,119.95,1,-1,-1,-1
117,64,199.31,593.07,41.63,126.98,1,-1,-1,-1
118,8,1760.71,639.06,79.88,241.82,1,-1,-1,-1
118,18,18.45,574.41,61.23,186.03,1,-1,-1,-1
118,38,130.58,589.55,44.95,136.90,1,-1,-1,-1
118,45,248.52,577.93,46.90,142.74,1,-1,-1,-1
118,60,113.55,593.71,38.87,119.03,1,-1,-1,-1
118,63,305.28,561.27,39.11,119.34,1,-1,-1,-1
118,64,189.85,593.09,41.85,127.65,1,-1,-1,-1
119,8,1761.82,640.94,79.50,240.66,1,-1,-1,-1
119,18,11.57,579.69,60.49,183.75,1,-1,-1,-1
119,38,120.88,597.88,42.88,130.61,1,-1,-1,-1
119,45,235.50,573.70,50.13,152.53,1,-1,-1,-1
119,60,104.71,593.82,39.46,120.82,1,-1,-1,-1
119,63,300.02,559.54,40.91,124.81,1,-1,-1,-1
119,64,180.75,593.90,42.09,128.39,1,-1,-1,-1
120,8,1762.16,641.60,79.34,240.17,1,-1,-1,-1
120,18,2.22,579.76,61.21,185.92,1,-1,-1,-1
120,38,111.15,598.69,44.23,134.72,1,-1,-1,-1
120,45,227.15,579.26,49.06,149.27,1,-1,-1,-1
120,60,90.69,599.30,39.16,119.87,1,-1,-1,-1
120,63,292.84,559.92,41.10,125.39,1,-1,-1,-1
120,64,167.61,597.52,44.31,135.12,1,-1,-1,-1
121,8,1762.22,641.79,79.27,239.93,1,-1,-1,-1
121,38,101.77,598.97,44.72,136.18,1,-1,-1,-1
121,45,214.24,581.12,50.89,154.82,1,-1,-1,-1
121,46,1747.52,559.46,119.88,362.05,1,-1,-1,-1
121,60,79.30,600.75,41.03,125.54,1,-1,-1,-1
121,63,282.08,560.84,39.54,120.62,1,-1,-1,-1
121,64,158.08,598.62,44.75,136.48,1,-1,-1,-1
122,8,1766.28,638.23,82.94,251.00,1,-1,-1,-1
122,38,92.53,599.03,44.90,136.74,1,-1,-1,-1
122,45,202.79,581.79,51.57,156.88,1,-1,-1,-1
122,46,1763.80,559.27,120.45,363.70,1,-1,-1,-1
122,60,66.77,606.26,39.90,122.05,1,-1,-1,-1
122,63,275.12,559.27,41.11,125.39,1,-1,-1,-1
123,8,1767.77,636.87,84.31,255.14,1,-1,-1,-1
123,38,79.73,606.46,42.99,130.92,1,-1,-1,-1
123,45,191.84,582.02,51.83,157.64,1,-1,-1,-1
123,46,1769.77,559.19,120.66,364.27,1,-1,-1,-1
123,60,57.04,608.41,39.42,120.57,1,-1,-1,-1
123,62,1463.74,513.47,23.51,72.32,1,-1,-1,-1
123,63,265.93,565.67,39.81,121.43,1,-1,-1,-1
124,8,1779.27,647.33,84.83,256.68,1,-1,-1,-1
124,38,69.59,609.27,42.24,128.66,1,-1,-1,-1
124,45,181.09,582.08,51.91,157.89,1,-1,-1,-1
124,46,1770.12,551.44,126.30,381.21,1,-1,-1,-1
124,60,45.11,609.70,41.08,125.58,1,-1,-1,-1
124,62,1459.34,512.80,23.57,72.50,1,-1,-1,-1
124,63,258.27,566.76,41.16,125.55,1,-1,-1,-1
125,8,1783.28,645.95,88.95,269.12,1,-1,-1,-1
125,38,57.27,608.75,43.98,133.94,1,-1,-1,-1
125,45,170.43,582.07,51.94,157.95,1,-1,-1,-1
125,46,1770.20,548.50,128.43,387.59,1,-1,-1,-1
125,60,35.19,610.85,41.58,127.12,1,-1,-1,-1
125,63,249.68,563.69,43.62,133.03,1,-1,-1,-1
126,8,1784.75,645.40,90.51,273.80,1,-1,-1,-1
126,38,46.94,608.54,44.61,135.88,1,-1,-1,-1
126,45,159.81,582.04,51.94,157.93,1,-1,-1,-1
126,46,1770.13,547.34,129.23,389.97,1,-1,-1,-1
126,62,1452.48,518.49,22.38,68.89,1,-1,-1,-1
126,63,240.69,562.51,44.56,135.87,1,-1,-1,-1
127,8,1797.00,645.13,91.09,275.54,1,-1,-1,-1
127,38,32.69,611.08,46.97,143.04,1,-1,-1,-1
127,45,149.16,588.73,49.66,151.01,1,-1,-1,-1
127,46,1772.66,547.01,130.61,394.12,1,-1,-1,-1
127,62,1448.20,518.25,22.35,68.82,1,-1,-1,-1
127,63,232.64,565.45,42.97,131.03,1,-1,-1,-1
128,8,1801.27,650.37,87.36,264.25,1,-1,-1,-1
128,38,21.18,612.02,47.87,145.75,1,-1,-1,-1
128,45,137.62,589.54,53.55,162.82,1,-1,-1,-1
128,63,224.23,566.59,42.33,129.06,1,-1,-1,-1
128,64,75.91,602.91,51.41,156.70,1,-1,-1,-1
129,8,1797.49,651.31,94.15,284.75,1,-1,-1,-1
129,38,10.27,615.58,46.12,140.42,1,-1,-1,-1
129,45,126.24,589.83,54.95,167.05,1,-1,-1,-1
129,63,215.70,572.61,42.08,128.30,1,-1,-1,-1
129,64,65.34,603.78,52.09,158.77,1,-1,-1,-1
130,8,1801.62,659.00,92.49,279.70,1,-1,-1,-1
130,38,0.47,617.97,43.42,132.21,1,-1,-1,-1
130,45,118.06,597.90,50.86,154.62,1,-1,-1,-1
130,63,207.12,574.85,41.98,128.00,1,-1,-1,-1
131,8,1803.13,662.04,91.76,277.47,1,-1,-1,-1
131,38,-10.22,619.73,43.36,132.04,1,-1,-1,-1
131,45,104.59,592.75,54.00,164.15,1,-1,-1,-1
131,46,1793.24,592.96,129.68,391.29,1,-1,-1,-1
131,62,1429.28,518.00,23.52,72.44,1,-1,-1,-1
131,63,195.78,572.59,43.93,133.90,1,-1,-1,-1
131,71,1729.00,561.00,39.00,119.00,1,-1,-1,-1
132,8,1810.76,655.61,95.70,289.36,1,-1,-1,-1
132,45,92.52,598.18,55.11,167.52,1,-1,-1,-1
132,46,1796.48,595.84,130.62,394.13,1,-1,-1,-1
132,62,1425.20,519.41,22.55,69.49,1,-1,-1,-1
132,63,188.86,574.75,42.71,130.18,1,-1,-1,-1
132,71,1723.06,561.00,39.00,119.00,1,-1,-1,-1
132,72,1237.90,521.00,19.04,59.00,1,-1,-1,-1
133,8,1818.22,660.58,93.00,281.17,1,-1,-1,-1
133,45,84.24,601.61,53.13,161.49,1,-1,-1,-1
133,48,1266.72,537.84,23.57,72.86,1,-1,-1,-1
133,62,1420.79,519.91,22.20,68.44,1,-1,-1,-1
133,63,180.93,575.56,42.21,128.66,1,-1,-1,-1
133,71,1721.07,561.00,39.00,119.00,1,-1,-1,-1
133,72,1236.35,521.18,18.84,58.38,1,-1,-1,-1
134,8,1821.02,662.49,91.87,277.75,1,-1,-1,-1
134,45,70.64,601.52,54.79,166.51,1,-1,-1,-1
134,48,1265.83,537.86,23.60,72.93,1,-1,-1,-1
134,62,1416.25,520.10,22.07,68.06,1,-1,-1,-1
134,63,172.58,581.45,42.02,128.07,1,-1,-1,-1
134,71,1720.48,561.00,39.00,119.00,1,-1,-1,-1
134,72,1229.72,521.05,18.99,58.84,1,-1,-1,-1
135,8,1821.96,663.16,91.42,276.40,1,-1,-1,-1
135,18,41.50,554.02,73.41,222.82,1,-1,-1,-1
135,45,56.02,609.60,52.99,161.02,1,-1,-1,-1
135,48,1263.36,538.03,23.66,73.11,1,-1,-1,-1
135,62,1411.67,520.17,22.02,67.92,1,-1,-1,-1
135,63,164.08,583.63,41.94,127.84,1,-1,-1,-1
135,71,1714.80,561.00,39.00,119.00,1,-1,-1,-1
135,72,1226.88,521.15,18.88,58.50,1,-1,-1,-1
136,8,1830.31,668.64,95.51,288.72,1,-1,-1,-1
136,18,40.95,552.77,74.19,225.21,1,-1,-1,-1
136,45,45.87,611.84,54.72,166.28,1,-1,-1,-1
136,62,1407.08,520.20,22.00,67.87,1,-1,-1,-1
136,63,155.53,584.41,41.91,127.75,1,-1,-1,-1
136,71,1712.84,561.00,39.00,119.00,1,-1,-1,-1
137,8,1833.38,670.67,97.03,293.30,1,-1,-1,-1
137,45,34.98,612.63,55.36,168.21,1,-1,-1,-1
137,62,1402.65,520.20,21.95,67.74,1,-1,-1,-1
137,63,146.94,584.66,41.90,127.71,1,-1,-1,-1
137,71,1712.21,561.00,39.00,119.00,1,-1,-1,-1
138,8,1837.17,672.57,97.92,295.99,1,-1,-1,-1
138,45,17.04,609.87,58.19,176.79,1,-1,-1,-1
138,62,1399.28,518.56,23.23,71.66,1,-1,-1,-1
138,63,138.67,585.97,41.94,127.84,1,-1,-1,-1
138,71,1712.07,561.00,39.00,119.00,1,-1,-1,-1
139,21,1569.17,545.06,39.00,119.00,1,-1,-1,-1
139,45,2.67,611.75,56.71,172.28,1,-1,-1,-1
139,62,1394.95,518.42,23.30,71.89,1,-1,-1,-1
139,63,129.84,581.63,44.23,134.80,1,-1,-1,-1
139,71,1706.76,561.00,39.00,119.00,1,-1,-1,-1
140,21,1562.52,545.02,39.00,119.00,1,-1,-1,-1
140,45,-9.02,613.32,57.12,173.51,1,-1,-1,-1
140,62,1392.59,519.76,22.32,68.89,1,-1,-1,-1
140,63,121.52,582.44,44.47,135.53,1,-1,-1,-1
140,71,1704.85,561.00,39.00,119.00,1,-1,-1,-1
141,21,1560.30,545.00,39.00,119.00,1,-1,-1,-1
141,62,1388.41,519.74,22.31,68.86,1,-1,-1,-1
141,71,1704.21,555.70,39.00,119.00,1,-1,-1,-1
142,21,1559.59,545.00,39.00,119.00,1,-1,-1,-1
142,63,102.58,580.64,44.91,136.87,1,-1,-1,-1
142,71,1704.05,553.72,39.00,119.00,1,-1,-1,-1
143,21,1554.18,545.00,39.00,119.00,1,-1,-1,-1
143,62,1383.36,520.13,22.05,68.06,1,-1,-1,-1
143,63,94.91,583.10,42.95,130.89,1,-1,-1,-1
143,71,1702.66,563.06,37.26,113.70,1,-1,-1,-1
144,21,1552.24,545.00,39.00,119.00,1,-1,-1,-1
144,62,1379.76,518.74,23.10,71.30,1,-1,-1,-1
144,63,86.65,583.96,42.26,128.77,1,-1,-1,-1
144,71,1698.29,561.78,38.36,117.07,1,-1,-1,-1
145,21,1545.99,542.48,40.86,124.65,1,-1,-1,-1
145,62,1375.88,518.63,23.16,71.49,1,-1,-1,-1
145,63,78.23,584.68,42.25,128.75,1,-1,-1,-1
145,71,1696.74,561.32,38.76,118.29,1,-1,-1,-1
146,21,1544.09,544.01,39.73,121.21,1,-1,-1,-1
146,62,1370.62,519.81,22.29,68.81,1,-1,-1,-1
146,71,1696.22,561.14,38.92,118.75,1,-1,-1,-1
147,21,1537.49,547.76,41.14,125.49,1,-1,-1,-1
147,62,1365.99,523.19,22.09,68.20,1,-1,-1,-1
147,63,61.08,584.38,41.93,127.79,1,-1,-1,-1
147,71,1696.09,566.30,38.97,118.93,1,-1,-1,-1
148,21,1535.87,551.24,39.83,121.50,1,-1,-1,-1
148,62,1361.94,523.48,22.06,68.10,1,-1,-1,-1
148,63,52.63,584.94,41.90,127.69,1,-1,-1,-1
148,71,1690.87,563.02,39.00,119.00,1,-1,-1,-1
149,21,1530.15,547.32,39.30,119.91,1,-1,-1,-1
149,63,41.25,582.84,46.81,142.60,1,-1,-1,-1
149,71,1688.22,566.52,37.28,113.76,1,-1,-1,-1
150,21,1528.12,551.11,39.11,119.31,1,-1,-1,-1
150,63,34.31,589.24,43.78,133.40,1,-1,-1,-1
150,71,1682.72,563.01,38.37,117.10,1,-1,-1,-1
151,21,1522.23,552.52,39.03,119.09,1,-1,-1,-1
151,63,25.75,590.07,43.91,133.77,1,-1,-1,-1
151,71,1680.31,563.11,38.35,117.04,1,-1,-1,-1
152,21,1512.99,545.28,40.86,124.65,1,-1,-1,-1
153,21,1506.32,545.04,39.72,121.18,1,-1,-1,-1
154,21,1501.62,542.44,41.12,125.44,1,-1,-1,-1
155,21,1497.03,543.95,39.82,121.46,1,-1,-1,-1
156,21,1490.20,544.57,39.30,119.87,1,-1,-1,-1
156,62,1316.49,518.41,23.53,72.64,1,-1,-1,-1
157,21,1482.53,544.80,39.10,119.28,1,-1,-1,-1
157,62,1311.57,518.21,23.61,72.89,1,-1,-1,-1
158,21,1476.41,542.38,40.88,124.70,1,-1,-1,-1
159,21,1472.39,538.80,39.73,121.18,1,-1,-1,-1
160,21,1465.81,542.67,39.26,119.77,1,-1,-1,-1
161,21,1463.51,538.87,39.09,119.24,1,-1,-1,-1
162,21,1458.62,540.19,40.88,124.69,1,-1,-1,-1
163,21,1455.83,543.15,39.72,121.17,1,-1,-1,-1
164,21,1449.73,544.34,39.26,119.76,1,-1,-1,-1
165,21,1442.34,544.79,39.09,119.24,1,-1,-1,-1
166,21,1439.71,544.95,39.02,119.04,1,-1,-1,-1
167,21,1433.64,539.78,39.00,118.97,1,-1,-1,-1
168,21,1426.27,537.82,38.99,118.95,1,-1,-1,-1
169,21,1423.65,537.09,38.99,118.94,1,-1,-1,-1
170,21,1416.75,533.96,40.84,124.58,1,-1,-1,-1
171,21,1414.26,532.80,41.53,126.68,1,-1,-1,-1
172,21,1407.98,532.38,41.80,127.48,1,-1,-1,-1
173,21,1405.72,532.24,41.90,127.77,1,-1,-1,-1
174,21,1406.16,535.07,40.09,122.28,1,-1,-1,-1
175,21,1399.19,534.21,43.26,131.92,1,-1,-1,-1
176,21,1398.66,540.89,40.68,124.04,1,-1,-1,-1
177,21,1398.77,543.65,39.60,120.76,1,-1,-1,-1
178,21,1393.65,544.66,39.20,119.56,1,-1,-1,-1
179,21,1389.90,542.51,40.91,124.78,1,-1,-1,-1
180,21,1385.33,544.17,39.72,121.15,1,-1,-1,-1
181,21,1383.74,544.82,39.25,119.71,1,-1,-1,-1
182,21,1379.61,537.82,42.93,130.91,1,-1,-1,-1
183,21,1376.55,542.24,40.56,123.69,1,-1,-1,-1
184,21,1372.87,541.55,41.43,126.34,1,-1,-1,-1
184,77,1616.98,561.00,39.04,119.00,1,-1,-1,-1
185,21,1371.58,535.75,41.75,127.31,1,-1,-1,-1
185,77,1611.09,561.40,38.94,118.70,1,-1,-1,-1
186,21,1368.66,541.57,40.03,122.08,1,-1,-1,-1
186,77,1615.00,561.43,38.93,118.67,1,-1,-1,-1
187,21,1368.52,536.58,43.24,131.82,1,-1,-1,-1
187,77,1616.39,555.68,38.94,118.71,1,-1,-1,-1
188,21,1364.69,539.34,42.46,129.45,1,-1,-1,-1
188,77,1616.88,553.64,38.95,118.75,1,-1,-1,-1
189,21,1363.31,540.48,42.13,128.45,1,-1,-1,-1
189,77,1617.05,552.94,38.96,118.79,1,-1,-1,-1
190,21,1357.28,540.91,42.00,128.06,1,-1,-1,-1
190,77,1614.32,550.51,40.89,124.66,1,-1,-1,-1
191,21,1355.10,541.08,41.95,127.89,1,-1,-1,-1
191,77,1616.02,551.80,39.73,121.12,1,-1,-1,-1
192,21,1352.60,543.64,40.08,122.21,1,-1,-1,-1
192,77,1613.96,550.18,41.16,125.49,1,-1,-1,-1
193,21,1353.60,542.08,41.24,125.72,1,-1,-1,-1
193,77,1615.88,551.73,39.83,121.43,1,-1,-1,-1
194,21,1352.23,544.00,39.82,121.41,1,-1,-1,-1
194,77,1616.63,552.38,39.30,119.83,1,-1,-1,-1
195,21,1347.95,542.21,41.14,125.42,1,-1,-1,-1
195,77,1622.23,552.64,39.10,119.23,1,-1,-1,-1
196,21,1346.42,541.55,41.62,126.89,1,-1,-1,-1
196,77,1619.00,552.75,39.03,119.02,1,-1,-1,-1
197,21,1345.92,541.30,41.80,127.45,1,-1,-1,-1
197,77,1623.05,552.81,39.00,118.94,1,-1,-1,-1
198,21,1342.97,536.54,43.85,133.66,1,-1,-1,-1
198,77,1624.56,552.84,38.99,118.92,1,-1,-1,-1
199,21,1341.90,534.75,44.62,135.98,1,-1,-1,-1
199,77,1625.11,552.86,38.99,118.92,1,-1,-1,-1
200,21,1341.57,534.07,44.91,136.87,1,-1,-1,-1
200,77,1628.65,550.74,40.85,124.58,1,-1,-1,-1
201,21,1338.86,538.45,43.06,131.22,1,-1,-1,-1
201,77,1629.96,549.96,41.54,126.68,1,-1,-1,-1
202,21,1340.62,535.46,44.32,135.05,1,-1,-1,-1
202,77,1632.29,551.77,39.98,121.92,1,-1,-1,-1
203,21,1338.63,539.00,42.82,130.50,1,-1,-1,-1
203,77,1631.25,550.35,41.22,125.71,1,-1,-1,-1
204,21,1337.95,540.40,42.23,128.68,1,-1,-1,-1
204,77,1635.13,545.60,43.64,133.06,1,-1,-1,-1
205,21,1337.75,540.92,42.00,128.00,1,-1,-1,-1
205,77,1637.85,547.97,42.63,129.97,1,-1,-1,-1
206,21,1336.67,543.63,40.06,122.10,1,-1,-1,-1
206,77,1640.36,551.08,40.36,123.07,1,-1,-1,-1
207,21,1334.03,543.45,43.23,131.74,1,-1,-1,-1
207,77,1645.39,550.14,41.36,126.11,1,-1,-1,-1
208,21,1330.83,547.58,42.42,129.26,1,-1,-1,-1
208,77,1648.35,557.10,39.88,121.61,1,-1,-1,-1
209,21,1330.07,538.16,46.20,140.76,1,-1,-1,-1
209,77,1647.38,554.11,43.18,131.65,1,-1,-1,-1
210,21,1329.78,534.70,47.59,144.98,1,-1,-1,-1
210,77,1652.89,553.04,44.37,135.26,1,-1,-1,-1
211,21,1331.57,539.92,46.06,140.31,1,-1,-1,-1
211,77,1655.46,556.42,42.89,130.75,1,-1,-1,-1
212,21,1332.36,542.03,45.43,138.38,1,-1,-1,-1
212,77,1662.01,557.75,42.29,128.91,1,-1,-1,-1
212,84,879.83,532.60,20.48,63.31,1,-1,-1,-1
213,21,1332.70,542.82,45.19,137.63,1,-1,-1,-1
213,77,1664.40,558.25,42.06,128.20,1,-1,-1,-1
213,84,878.79,530.46,21.55,66.62,1,-1,-1,-1
214,21,1332.86,543.11,45.09,137.33,1,-1,-1,-1
214,77,1670.85,558.42,41.97,127.93,1,-1,-1,-1
214,84,878.13,530.53,21.75,67.24,1,-1,-1,-1
215,21,1332.95,543.22,45.05,137.19,1,-1,-1,-1
215,77,1673.55,554.60,43.91,133.84,1,-1,-1,-1
216,21,1333.01,549.24,45.03,137.13,1,-1,-1,-1
216,77,1680.42,553.17,44.64,136.04,1,-1,-1,-1
217,21,1336.37,555.40,43.04,131.07,1,-1,-1,-1
217,77,1683.00,552.61,44.92,136.88,1,-1,-1,-1
218,21,1337.70,557.73,42.26,128.72,1,-1,-1,-1
218,77,1689.85,552.39,45.02,137.17,1,-1,-1,-1
219,21,1340.93,554.63,43.98,133.97,1,-1,-1,-1
219,77,1698.34,552.32,45.05,137.25,1,-1,-1,-1
220,21,1342.11,553.47,44.62,135.89,1,-1,-1,-1
220,77,1702.14,552.14,45.31,138.03,1,-1,-1,-1
221,21,1341.15,546.72,46.98,143.05,1,-1,-1,-1
222,21,1344.97,548.65,43.85,133.53,1,-1,-1,-1
223,21,1348.66,544.75,46.74,142.33,1,-1,-1,-1
223,77,1720.00,566.73,39.97,121.80,1,-1,-1,-1
224,21,1349.98,543.37,47.77,145.46,1,-1,-1,-1
224,77,1724.30,567.70,39.76,121.17,1,-1,-1,-1
225,21,1351.48,543.15,46.08,140.30,1,-1,-1,-1
225,77,1735.35,568.94,39.14,119.30,1,-1,-1,-1
226,21,1351.00,542.75,47.53,144.71,1,-1,-1,-1
226,77,1743.04,551.38,45.21,137.75,1,-1,-1,-1
227,21,1350.81,542.61,48.07,146.33,1,-1,-1,-1
227,77,1751.93,545.62,47.21,143.82,1,-1,-1,-1
228,21,1357.11,542.57,48.27,146.92,1,-1,-1,-1
228,77,1756.66,543.60,45.95,139.98,1,-1,-1,-1
229,21,1359.51,542.56,48.34,147.12,1,-1,-1,-1
229,77,1763.36,542.54,47.54,144.79,1,-1,-1,-1
230,21,1360.39,542.56,48.36,147.17,1,-1,-1,-1
230,77,1772.06,542.17,48.13,146.57,1,-1,-1,-1
231,21,1362.33,540.40,50.62,154.05,1,-1,-1,-1
231,77,1781.63,542.06,48.35,147.21,1,-1,-1,-1
232,21,1367.80,547.91,47.16,143.53,1,-1,-1,-1
232,77,1791.47,542.06,48.42,147.41,1,-1,-1,-1
233,21,1369.92,550.96,45.74,139.20,1,-1,-1,-1
233,77,1801.46,542.10,48.44,147.45,1,-1,-1,-1
234,21,1370.54,545.66,47.37,144.16,1,-1,-1,-1
234,77,1811.44,542.14,48.43,147.42,1,-1,-1,-1
235,21,1370.86,549.99,45.86,139.56,1,-1,-1,-1
235,77,1821.46,542.19,48.42,147.37,1,-1,-1,-1
236,21,1372.98,543.10,49.72,151.27,1,-1,-1,-1
236,77,1827.75,540.07,50.67,154.20,1,-1,-1,-1
237,21,1373.75,540.61,51.11,155.51,1,-1,-1,-1
237,77,1839.95,541.41,49.29,149.99,1,-1,-1,-1
238,21,1380.72,539.63,51.66,157.15,1,-1,-1,-1
238,77,1845.97,535.50,53.44,162.57,1,-1,-1,-1
239,21,1383.39,539.26,51.86,157.75,1,-1,-1,-1
239,77,1856.89,530.84,52.60,160.02,1,-1,-1,-1
240,21,1390.06,534.86,54.35,165.28,1,-1,-1,-1
240,77,1871.77,538.31,47.87,145.62,1,-1,-1,-1
241,21,1393.68,537.41,52.91,160.88,1,-1,-1,-1
241,77,1880.04,537.57,47.99,146.01,1,-1,-1,-1
242,21,1395.01,538.48,52.30,159.03,1,-1,-1,-1
243,21,1403.62,541.39,47.67,144.95,1,-1,-1,-1
244,21,1406.82,542.55,45.84,139.42,1,-1,-1,-1
245,21,1413.60,540.40,49.71,151.16,1,-1,-1,-1
246,21,1418.43,541.78,48.84,148.53,1,-1,-1,-1
247,21,1424.65,540.16,50.77,154.39,1,-1,-1,-1
248,21,1428.83,541.71,49.24,149.74,1,-1,-1,-1
249,21,1435.23,540.14,50.92,154.84,1,-1,-1,-1
250,21,1438.32,535.29,53.96,164.04,1,-1,-1,-1
251,21,1446.40,539.77,50.51,153.58,1,-1,-1,-1
251,102,926.33,531.68,20.82,64.63,1,-1,-1,-1
252,21,1455.32,539.43,51.39,156.23,1,-1,-1,-1
252,102,930.28,532.41,20.53,63.72,1,-1,-1,-1
253,21,1458.51,539.31,51.71,157.19,1,-1,-1,-1
253,102,932.15,532.74,20.51,63.66,1,-1,-1,-1
254,21,1466.42,528.27,56.86,172.82,1,-1,-1,-1
255,21,1475.99,534.80,53.91,163.85,1,-1,-1,-1
256,21,1485.77,539.79,50.35,153.03,1,-1,-1,-1
257,21,1493.40,535.06,53.81,163.54,1,-1,-1,-1
258,21,1503.36,533.39,55.03,167.24,1,-1,-1,-1
259,21,1507.06,532.75,55.50,168.66,1,-1,-1,-1
259,102,965.27,529.56,21.84,67.78,1,-1,-1,-1
260,21,1515.59,532.53,55.68,169.16,1,-1,-1,-1
260,102,969.40,529.36,21.97,68.18,1,-1,-1,-1
261,21,1526.06,532.46,55.73,169.32,1,-1,-1,-1
261,102,977.41,531.86,20.77,64.44,1,-1,-1,-1
262,21,1532.56,531.92,56.11,170.48,1,-1,-1,-1
262,102,982.49,532.39,20.52,63.66,1,-1,-1,-1
263,102,987.05,532.56,20.44,63.40,1,-1,-1,-1
264,102,991.14,529.54,22.46,69.62,1,-1,-1,-1
265,102,995.66,529.33,22.64,70.18,1,-1,-1,-1
266,107,1207.92,516.73,41.22,125.62,1,-1,-1,-1
267,102,1006.87,533.11,22.11,68.51,1,-1,-1,-1
267,107,1215.19,525.54,39.72,121.05,1,-1,-1,-1
268,102,1011.56,533.24,22.22,68.85,1,-1,-1,-1
268,107,1219.07,527.79,39.50,120.39,1,-1,-1,-1
271,109,1581.58,587.98,62.99,190.93,1,-1,-1,-1
272,109,1596.92,595.62,63.86,193.57,1,-1,-1,-1
273,109,1614.08,589.15,67.44,204.43,1,-1,-1,-1
274,109,1627.60,584.94,72.07,218.43,1,-1,-1,-1
275,109,1643.06,585.24,70.45,213.53,1,-1,-1,-1
276,109,1657.68,594.84,69.68,211.18,1,-1,-1,-1
277,109,1677.68,593.79,76.21,230.95,1,-1,-1,-1
278,109,1691.72,594.11,78.05,236.52,1,-1,-1,-1
280,109,1727.44,606.52,79.38,240.51,1,-1,-1,-1
281,109,1744.12,597.87,79.58,241.09,1,-1,-1,-1
282,109,1759.05,598.37,81.07,245.60,1,-1,-1,-1
283,21,1741.70,533.69,63.87,193.95,1,-1,-1,-1
284,21,1756.73,542.58,61.06,185.36,1,-1,-1,-1
284,109,1805.53,607.32,79.80,241.73,1,-1,-1,-1
285,21,1769.84,545.51,60.13,182.53,1,-1,-1,-1
285,109,1824.01,608.83,79.57,240.98,1,-1,-1,-1
285,115,1255.00,553.00,39.00,119.00,1,-1,-1,-1
286,21,1781.06,538.10,62.64,190.11,1,-1,-1,-1
286,109,1840.50,610.02,80.58,244.06,1,-1,-1,-1
286,115,1257.30,553.00,39.00,119.00,1,-1,-1,-1
287,21,1794.13,543.65,60.78,184.45,1,-1,-1,-1
287,115,1263.68,553.00,39.00,119.00,1,-1,-1,-1
287,117,31.35,601.19,41.82,127.61,1,-1,-1,-1
288,21,1806.53,537.36,62.88,190.80,1,-1,-1,-1
288,115,1269.27,550.70,41.00,125.09,1,-1,-1,-1
288,117,52.36,600.89,41.93,127.94,1,-1,-1,-1
289,21,1819.00,543.35,60.87,184.68,1,-1,-1,-1
289,115,1273.14,552.10,39.78,121.38,1,-1,-1,-1
289,117,39.70,606.45,39.93,121.81,1,-1,-1,-1
290,21,1827.18,534.88,65.96,200.10,1,-1,-1,-1
290,115,1279.82,552.67,39.29,119.88,1,-1,-1,-1
290,117,34.95,608.47,39.20,119.59,1,-1,-1,-1
291,21,1839.00,531.82,67.81,205.68,1,-1,-1,-1
291,115,1282.07,552.88,39.11,119.32,1,-1,-1,-1
291,117,36.71,608.07,43.07,131.40,1,-1,-1,-1
292,21,1855.96,541.21,65.57,198.87,1,-1,-1,-1
292,115,1288.10,552.96,39.04,119.11,1,-1,-1,-1
292,117,37.32,607.94,44.41,135.45,1,-1,-1,-1
293,21,1870.64,544.96,64.66,196.08,1,-1,-1,-1
293,115,1292.53,552.96,39.04,119.11,1,-1,-1,-1
293,117,39.68,614.11,41.05,125.20,1,-1,-1,-1
294,21,1882.24,545.48,64.96,196.99,1,-1,-1,-1
294,115,1295.98,557.18,41.23,125.80,1,-1,-1,-1
294,117,40.62,616.49,39.68,121.02,1,-1,-1,-1
295,115,1303.42,559.88,39.84,121.54,1,-1,-1,-1
295,117,40.95,617.30,39.19,119.54,1,-1,-1,-1
296,115,1308.06,560.59,39.92,121.78,1,-1,-1,-1
296,117,41.06,617.54,39.01,119.01,1,-1,-1,-1
296,124,1352.58,542.13,41.12,125.46,1,-1,-1,-1
297,117,51.23,611.25,42.87,130.75,1,-1,-1,-1
297,124,1347.07,542.30,41.83,127.63,1,-1,-1,-1
298,117,54.90,608.97,44.26,134.99,1,-1,-1,-1
299,117,46.53,614.16,41.04,125.15,1,-1,-1,-1
300,117,43.05,621.60,39.71,121.11,1,-1,-1,-1
301,117,43.71,619.83,41.11,125.38,1,-1,-1,-1
301,128,1406.22,552.13,39.76,121.31,1,-1,-1,-1
302,117,43.94,619.18,41.62,126.93,1,-1,-1,-1
302,128,1407.79,550.42,41.24,125.83,1,-1,-1,-1
303,117,42.13,623.23,39.97,121.91,1,-1,-1,-1
303,128,1410.53,550.13,41.50,126.61,1,-1,-1,-1
304,117,41.06,615.90,45.38,138.35,1,-1,-1,-1
305,117,39.01,622.25,45.26,137.97,1,-1,-1,-1
306,117,38.84,623.01,45.70,139.31,1,-1,-1,-1
306,131,1623.00,527.00,39.00,119.00,1,-1,-1,-1
307,117,58.66,636.86,40.74,124.21,1,-1,-1,-1
307,131,1631.24,529.01,39.00,119.00,1,-1,-1,-1
308,117,42.92,636.46,41.52,126.58,1,-1,-1,-1
308,131,1635.94,531.02,39.00,119.00,1,-1,-1,-1
309,117,57.33,639.99,39.92,121.70,1,-1,-1,-1
309,131,1647.69,529.63,39.00,119.00,1,-1,-1,-1
310,117,43.11,637.60,41.18,125.55,1,-1,-1,-1
310,131,1656.08,535.25,39.00,119.00,1,-1,-1,-1
311,117,37.93,636.71,41.64,126.95,1,-1,-1,-1
311,131,1662.63,537.33,39.00,119.00,1,-1,-1,-1
311,134,223.91,635.49,41.91,127.61,1,-1,-1,-1
312,117,35.96,636.32,41.82,127.48,1,-1,-1,-1
312,131,1672.27,533.93,41.27,125.92,1,-1,-1,-1
312,134,223.99,635.83,41.81,127.29,1,-1,-1,-1
313,117,30.85,635.86,43.86,133.69,1,-1,-1,-1
313,131,1679.25,535.25,41.59,126.89,1,-1,-1,-1
313,134,222.27,635.56,44.02,134.02,1,-1,-1,-1
314,117,29.60,636.74,44.14,134.54,1,-1,-1,-1
314,134,221.69,635.44,44.77,136.30,1,-1,-1,-1
315,117,30.05,632.86,47.26,144.01,1,-1,-1,-1
315,134,221.49,635.36,45.02,137.08,1,-1,-1,-1
316,115,1389.86,591.79,48.07,146.55,1,-1,-1,-1
316,117,47.08,648.65,42.12,128.38,1,-1,-1,-1
316,134,218.82,632.78,47.30,144.01,1,-1,-1,-1
317,115,1391.23,592.40,48.26,147.06,1,-1,-1,-1
317,117,53.85,654.83,40.07,122.13,1,-1,-1,-1
317,134,220.39,634.28,45.99,140.01,1,-1,-1,-1
318,115,1396.89,596.72,46.23,140.86,1,-1,-1,-1
318,117,37.25,648.45,43.26,131.85,1,-1,-1,-1
318,134,218.46,632.37,47.61,144.94,1,-1,-1,-1
319,115,1400.10,600.61,47.57,144.91,1,-1,-1,-1
319,117,25.54,646.23,44.39,135.27,1,-1,-1,-1
319,134,220.28,640.12,46.07,140.25,1,-1,-1,-1
319,137,49.76,655.99,39.74,120.99,1,-1,-1,-1
320,115,1404.13,602.42,47.84,145.74,1,-1,-1,-1
320,117,23.72,647.17,44.68,136.15,1,-1,-1,-1
320,134,221.03,643.15,45.44,138.32,1,-1,-1,-1
320,137,49.70,657.31,38.96,118.63,1,-1,-1,-1
320,138,1520.09,592.11,40.47,123.12,1,-1,-1,-1
321,117,20.00,645.19,44.92,136.89,1,-1,-1,-1
321,134,218.76,642.21,47.35,144.13,1,-1,-1,-1
321,137,45.75,654.33,40.89,124.52,1,-1,-1,-1
321,138,1525.64,590.16,43.63,132.73,1,-1,-1,-1
322,117,13.29,642.78,47.17,143.71,1,-1,-1,-1
322,134,214.34,637.41,50.31,153.13,1,-1,-1,-1
322,137,45.82,654.95,40.68,123.86,1,-1,-1,-1
322,138,1533.81,589.61,44.53,135.46,1,-1,-1,-1
323,117,10.89,641.93,47.98,146.14,1,-1,-1,-1
323,134,212.65,635.55,51.45,156.55,1,-1,-1,-1
323,137,41.81,656.75,39.31,119.72,1,-1,-1,-1
323,138,1536.53,589.37,44.86,136.48,1,-1,-1,-1
324,117,9.60,643.55,46.19,140.70,1,-1,-1,-1
324,134,215.57,632.87,49.63,151.02,1,-1,-1,-1
324,137,36.95,654.05,41.04,124.99,1,-1,-1,-1
324,138,1537.32,591.69,42.88,130.46,1,-1,-1,-1
325,117,9.65,642.16,47.60,144.97,1,-1,-1,-1
325,134,213.13,633.79,51.17,155.68,1,-1,-1,-1
325,137,35.57,654.30,40.97,124.78,1,-1,-1,-1
325,138,1545.39,592.05,46.53,141.57,1,-1,-1,-1
326,117,3.37,637.25,50.36,153.34,1,-1,-1,-1
326,134,212.24,634.13,51.73,157.38,1,-1,-1,-1
326,138,1552.54,596.37,45.64,138.86,1,-1,-1,-1
327,117,0.93,637.10,50.95,155.13,1,-1,-1,-1
327,134,212.04,634.72,47.58,144.75,1,-1,-1,-1
327,137,32.95,663.56,39.31,119.76,1,-1,-1,-1
327,138,1555.08,591.87,45.26,137.71,1,-1,-1,-1
328,115,1426.65,603.40,51.60,157.10,1,-1,-1,-1
328,134,204.82,634.48,50.41,153.35,1,-1,-1,-1
328,137,23.05,656.87,43.17,131.49,1,-1,-1,-1
328,138,1557.99,592.05,47.29,143.87,1,-1,-1,-1
329,115,1427.42,603.24,51.79,157.63,1,-1,-1,-1
329,134,202.28,634.40,51.41,156.37,1,-1,-1,-1
329,137,19.85,654.79,44.39,135.19,1,-1,-1,-1
329,138,1562.96,585.35,50.30,153.03,1,-1,-1,-1
330,115,1430.64,604.12,52.15,158.71,1,-1,-1,-1
330,134,194.53,634.37,51.79,157.51,1,-1,-1,-1
330,137,12.74,648.02,44.86,136.62,1,-1,-1,-1
330,138,1564.14,580.49,53.85,163.78,1,-1,-1,-1
331,115,1428.29,601.67,54.76,166.60,1,-1,-1,-1
331,134,191.57,634.35,51.92,157.90,1,-1,-1,-1
331,137,10.07,645.38,45.03,137.14,1,-1,-1,-1
331,138,1567.44,587.43,50.64,154.04,1,-1,-1,-1
331,141,1810.76,527.85,43.39,132.39,1,-1,-1,-1
331,142,1373.28,562.91,51.82,157.34,1,-1,-1,-1
332,115,1434.69,595.67,52.97,161.13,1,-1,-1,-1
332,134,184.68,627.15,54.39,165.37,1,-1,-1,-1
332,137,3.17,644.39,45.08,137.30,1,-1,-1,-1
332,138,1573.07,583.51,51.56,156.81,1,-1,-1,-1
332,141,1816.87,530.27,42.73,130.38,1,-1,-1,-1
332,142,1373.75,560.70,51.29,155.72,1,-1,-1,-1
333,115,1437.01,593.39,52.28,159.01,1,-1,-1,-1
333,134,187.83,624.79,52.93,160.92,1,-1,-1,-1
333,137,-0.07,643.61,45.39,138.24,1,-1,-1,-1
333,138,1574.90,579.76,54.31,165.16,1,-1,-1,-1
333,141,1819.04,525.38,42.34,129.17,1,-1,-1,-1
334,115,1440.02,593.30,52.55,159.82,1,-1,-1,-1
334,134,182.33,623.88,52.31,159.05,1,-1,-1,-1
334,138,1578.83,578.96,55.11,167.58,1,-1,-1,-1
334,141,1827.37,517.85,44.28,135.07,1,-1,-1,-1
335,115,1439.05,590.22,54.86,166.82,1,-1,-1,-1
335,134,180.31,623.56,52.07,158.31,1,-1,-1,-1
335,141,1830.23,515.26,44.95,137.11,1,-1,-1,-1
336,115,1441.72,589.87,55.30,168.14,1,-1,-1,-1
336,134,173.28,623.10,54.41,165.40,1,-1,-1,-1
336,141,1835.26,514.32,43.14,131.58,1,-1,-1,-1
337,134,170.15,630.05,52.89,160.77,1,-1,-1,-1
337,141,1845.25,514.27,44.46,135.58,1,-1,-1,-1
338,134,169.05,632.84,52.26,158.85,1,-1,-1,-1
338,141,1846.37,514.20,42.93,130.90,1,-1,-1,-1
338,142,1359.44,546.67,59.37,180.25,1,-1,-1,-1
339,115,1439.41,599.08,55.64,169.16,1,-1,-1,-1
339,134,161.80,633.90,52.02,158.10,1,-1,-1,-1
339,141,1848.96,514.43,44.34,135.18,1,-1,-1,-1
339,142,1361.02,554.85,54.73,166.17,1,-1,-1,-1
340,115,1443.17,596.55,58.40,177.47,1,-1,-1,-1
340,134,159.20,634.43,54.37,165.23,1,-1,-1,-1
340,141,1858.65,514.44,42.86,130.68,1,-1,-1,-1
340,142,1359.35,557.09,58.07,176.31,1,-1,-1,-1
340,145,1573.52,572.83,63.93,193.94,1,-1,-1,-1
341,115,1445.23,596.73,58.95,179.15,1,-1,-1,-1
341,134,151.02,634.62,55.24,167.88,1,-1,-1,-1
341,141,1865.47,514.66,44.29,135.01,1,-1,-1,-1
341,142,1358.42,562.95,56.66,172.01,1,-1,-1,-1
341,145,1572.98,573.10,64.55,195.80,1,-1,-1,-1
342,115,1444.83,604.77,59.53,180.88,1,-1,-1,-1
342,134,146.92,632.73,58.16,176.72,1,-1,-1,-1
342,141,1870.41,513.17,44.64,136.08,1,-1,-1,-1
342,142,1358.12,565.33,56.07,170.22,1,-1,-1,-1
343,115,1444.95,614.69,59.73,181.46,1,-1,-1,-1
343,134,146.83,647.22,54.34,165.10,1,-1,-1,-1
343,142,1358.05,573.65,55.83,169.51,1,-1,-1,-1
344,115,1444.72,613.35,62.60,190.11,1,-1,-1,-1
344,134,140.06,653.10,52.74,160.26,1,-1,-1,-1
344,142,1357.01,574.47,56.05,170.18,1,-1,-1,-1
345,115,1444.61,621.11,63.67,193.33,1,-1,-1,-1
345,134,135.14,655.43,57.27,173.99,1,-1,-1,-1
346,115,1444.51,624.12,64.08,194.53,1,-1,-1,-1
346,134,127.68,664.34,56.36,171.22,1,-1,-1,-1
347,115,1444.42,625.23,64.22,194.93,1,-1,-1,-1
347,134,117.50,667.86,55.97,170.01,1,-1,-1,-1
348,115,1444.59,637.76,61.48,186.60,1,-1,-1,-1
348,134,113.75,669.12,55.81,169.51,1,-1,-1,-1
349,115,1444.35,638.71,63.21,191.84,1,-1,-1,-1
349,134,112.47,669.53,55.74,169.29,1,-1,-1,-1
350,115,1452.28,642.79,61.08,185.34,1,-1,-1,-1
350,134,101.62,669.23,58.32,177.11,1,-1,-1,-1
351,115,1455.69,640.43,63.04,191.29,1,-1,-1,-1
351,134,97.62,669.09,59.29,180.03,1,-1,-1,-1
352,115,1456.92,647.90,63.77,193.46,1,-1,-1,-1
352,134,92.02,676.62,57.07,173.29,1,-1,-1,-1
353,115,1457.00,653.94,61.25,185.83,1,-1,-1,-1
353,134,86.37,679.63,58.81,178.57,1,-1,-1,-1
353,148,1588.92,613.87,68.60,207.93,1,-1,-1,-1
354,115,1457.29,661.45,63.09,191.39,1,-1,-1,-1
354,134,80.68,680.57,56.86,172.66,1,-1,-1,-1
354,148,1589.42,626.35,62.26,188.72,1,-1,-1,-1
355,115,1457.37,664.16,63.76,193.41,1,-1,-1,-1
355,134,82.12,692.57,53.62,162.81,1,-1,-1,-1
355,148,1589.56,639.99,59.98,181.82,1,-1,-1,-1
356,115,1452.84,659.82,67.00,203.21,1,-1,-1,-1
356,134,75.11,685.22,57.56,174.78,1,-1,-1,-1
356,142,1376.30,577.18,78.27,237.47,1,-1,-1,-1
356,148,1587.42,639.84,62.47,189.36,1,-1,-1,-1
357,115,1451.10,658.12,68.23,206.91,1,-1,-1,-1
357,134,64.84,682.65,58.96,179.00,1,-1,-1,-1
357,142,1378.90,591.41,72.78,220.75,1,-1,-1,-1
357,148,1585.22,651.92,54.95,166.59,1,-1,-1,-1
358,115,1450.38,657.35,68.69,208.30,1,-1,-1,-1
358,134,55.42,679.46,62.27,189.03,1,-1,-1,-1
358,142,1379.94,597.37,70.38,213.43,1,-1,-1,-1
358,148,1584.80,657.29,54.92,166.52,1,-1,-1,-1
359,115,1450.08,665.96,68.86,208.77,1,-1,-1,-1
359,134,49.67,680.28,60.80,184.56,1,-1,-1,-1
359,142,1379.38,607.27,66.46,201.54,1,-1,-1,-1
359,148,1587.89,666.38,57.74,175.07,1,-1,-1,-1
360,115,1449.95,669.20,68.90,208.89,1,-1,-1,-1
360,134,41.47,678.43,62.99,191.16,1,-1,-1,-1
360,142,1379.14,619.55,64.95,196.94,1,-1,-1,-1
360,148,1586.98,666.67,61.64,186.89,1,-1,-1,-1
360,152,96.03,676.59,51.73,157.34,1,-1,-1,-1
361,115,1449.57,672.44,72.11,218.58,1,-1,-1,-1
361,134,36.80,687.56,61.04,185.25,1,-1,-1,-1
361,142,1376.30,616.30,70.67,214.25,1,-1,-1,-1
361,148,1579.12,661.28,66.13,200.50,1,-1,-1,-1
361,152,87.81,676.44,51.87,157.75,1,-1,-1,-1
362,115,1458.58,680.46,70.16,212.66,1,-1,-1,-1
362,134,27.31,691.13,60.24,182.82,1,-1,-1,-1
362,142,1377.90,622.55,66.70,202.22,1,-1,-1,-1
362,148,1578.07,665.26,66.54,201.75,1,-1,-1,-1
362,152,81.33,678.73,54.57,165.94,1,-1,-1,-1
363,115,1462.15,683.53,69.35,210.18,1,-1,-1,-1
363,134,17.19,686.77,65.76,199.54,1,-1,-1,-1
363,142,1370.23,626.93,68.07,206.33,1,-1,-1,-1
363,152,75.56,684.55,52.93,160.96,1,-1,-1,-1
364,115,1463.39,686.62,69.80,211.56,1,-1,-1,-1
364,134,12.86,689.13,64.89,196.86,1,-1,-1,-1
364,142,1367.16,634.98,65.57,198.77,1,-1,-1,-1
364,148,1577.06,678.90,60.95,184.79,1,-1,-1,-1
364,152,70.91,685.84,53.38,162.31,1,-1,-1,-1
365,115,1463.78,695.63,69.00,209.11,1,-1,-1,-1
365,134,6.69,690.45,65.51,198.74,1,-1,-1,-1
365,142,1366.25,631.37,67.63,204.98,1,-1,-1,-1
365,148,1582.26,688.83,57.17,173.35,1,-1,-1,-1
365,152,59.28,690.36,55.17,167.74,1,-1,-1,-1
366,115,1459.68,692.39,75.72,229.43,1,-1,-1,-1
366,142,1365.92,639.01,68.38,207.25,1,-1,-1,-1
366,148,1581.91,693.86,56.64,171.77,1,-1,-1,-1
366,152,48.64,691.46,55.60,169.03,1,-1,-1,-1
367,115,1462.68,699.96,74.70,226.34,1,-1,-1,-1
367,142,1365.81,641.87,68.66,208.09,1,-1,-1,-1
367,152,42.31,693.13,56.21,170.90,1,-1,-1,-1
368,115,1459.36,704.41,77.68,235.32,1,-1,-1,-1
368,142,1352.18,632.01,75.42,228.54,1,-1,-1,-1
368,148,1575.92,686.45,66.71,202.26,1,-1,-1,-1
368,152,35.20,700.76,55.79,169.60,1,-1,-1,-1
369,115,1462.53,714.04,75.41,228.44,1,-1,-1,-1
369,142,1347.11,628.34,77.94,236.15,1,-1,-1,-1
369,148,1570.89,678.88,71.29,216.13,1,-1,-1,-1
369,152,28.78,703.10,56.29,171.12,1,-1,-1,-1
369,156,1324.72,645.88,55.52,168.71,1,-1,-1,-1
370,115,1463.77,717.71,74.47,225.56,1,-1,-1,-1
370,142,1354.30,638.15,75.57,228.92,1,-1,-1,-1
370,148,1569.65,681.23,72.22,218.95,1,-1,-1,-1
370,156,1323.03,644.30,58.60,178.04,1,-1,-1,-1
371,115,1463.87,724.02,70.87,214.65,1,-1,-1,-1
371,142,1357.27,642.01,74.56,225.87,1,-1,-1,-1
371,152,12.91,712.82,55.79,169.56,1,-1,-1,-1
371,156,1316.96,643.23,69.30,210.53,1,-1,-1,-1
372,115,1459.60,723.41,76.26,230.97,1,-1,-1,-1
372,142,1349.02,642.15,77.62,235.09,1,-1,-1,-1
372,152,6.21,715.63,56.14,170.65,1,-1,-1,-1
372,156,1314.70,642.72,72.73,220.93,1,-1,-1,-1
373,115,1458.07,723.22,78.20,236.81,1,-1,-1,-1
373,142,1355.19,643.41,75.37,228.26,1,-1,-1,-1
373,148,1568.62,688.90,78.31,237.34,1,-1,-1,-1
374,115,1457.46,723.00,78.95,239.05,1,-1,-1,-1
374,142,1348.27,642.54,77.90,235.89,1,-1,-1,-1
374,148,1567.57,691.29,79.47,240.84,1,-1,-1,-1
375,115,1458.25,722.95,82.89,250.94,1,-1,-1,-1
375,142,1352.58,638.67,82.49,249.76,1,-1,-1,-1
375,148,1556.27,690.12,79.30,240.28,1,-1,-1,-1
376,115,1458.55,722.88,84.38,255.43,1,-1,-1,-1
376,142,1347.47,640.63,80.64,244.14,1,-1,-1,-1
376,148,1553.55,690.11,79.40,240.53,1,-1,-1,-1
376,158,1458.23,575.82,41.22,125.62,1,-1,-1,-1
377,115,1458.66,722.76,84.94,257.10,1,-1,-1,-1
377,142,1346.24,642.01,81.48,246.70,1,-1,-1,-1
377,148,1542.25,690.10,79.44,240.61,1,-1,-1,-1
377,158,1457.37,576.63,39.72,121.05,1,-1,-1,-1
378,115,1457.66,732.75,81.47,246.59,1,-1,-1,-1
378,142,1345.02,641.57,79.76,241.46,1,-1,-1,-1
378,148,1537.99,690.04,79.43,240.56,1,-1,-1,-1
378,158,1457.24,576.75,39.50,120.39,1,-1,-1,-1
379,115,1454.67,723.98,87.80,265.70,1,-1,-1,-1
379,142,1343.80,642.81,80.40,243.41,1,-1,-1,-1
379,148,1536.42,689.97,79.41,240.46,1,-1,-1,-1
380,115,1453.58,720.81,90.11,272.65,1,-1,-1,-1
380,148,1535.90,689.89,79.38,240.34,1,-1,-1,-1
381,115,1455.66,731.69,83.47,252.58,1,-1,-1,-1
381,148,1535.78,689.81,79.35,240.23,1,-1,-1,-1
381,156,1303.96,635.62,85.37,259.19,1,-1,-1,-1
382,115,1446.28,736.90,84.49,255.64,1,-1,-1,-1
382,148,1535.81,689.74,79.32,240.12,1,-1,-1,-1
382,156,1303.85,635.34,85.34,258.96,1,-1,-1,-1
383,115,1442.89,738.75,84.86,256.73,1,-1,-1,-1
383,148,1525.50,689.67,79.29,240.02,1,-1,-1,-1
383,156,1303.71,635.21,85.49,259.32,1,-1,-1,-1
384,115,1441.63,739.38,84.98,257.09,1,-1,-1,-1
384,148,1532.02,689.61,79.26,239.92,1,-1,-1,-1
384,156,1288.86,619.72,93.71,284.12,1,-1,-1,-1
384,162,1391.77,563.44,46.75,142.32,1,-1,-1,-1
385,115,1436.71,738.11,88.97,269.14,1,-1,-1,-1
385,148,1528.23,688.21,82.94,251.04,1,-1,-1,-1
385,156,1292.61,632.77,78.89,239.17,1,-1,-1,-1
385,162,1388.86,561.60,45.83,139.51,1,-1,-1,-1
386,115,1438.93,748.35,82.93,250.86,1,-1,-1,-1
386,148,1526.84,687.67,84.32,255.19,1,-1,-1,-1
386,156,1286.70,639.51,75.55,228.99,1,-1,-1,-1
386,162,1388.99,564.93,43.17,131.43,1,-1,-1,-1
387,115,1435.70,741.17,88.27,267.00,1,-1,-1,-1
387,148,1522.36,688.76,81.18,245.67,1,-1,-1,-1
387,156,1274.22,630.38,85.87,260.20,1,-1,-1,-1
387,162,1381.54,562.34,44.40,135.18,1,-1,-1,-1
388,115,1427.96,750.99,86.28,260.95,1,-1,-1,-1
388,148,1513.57,687.80,83.64,253.11,1,-1,-1,-1
388,156,1270.66,629.42,87.49,265.11,1,-1,-1,-1
388,162,1380.49,565.19,42.72,130.07,1,-1,-1,-1
389,115,1421.70,750.91,93.71,283.39,1,-1,-1,-1
389,148,1510.77,688.35,84.30,255.10,1,-1,-1,-1
389,162,1377.22,567.76,40.12,122.17,1,-1,-1,-1
389,166,1225.46,642.65,72.50,219.47,1,-1,-1,-1
390,115,1417.42,754.05,92.31,279.15,1,-1,-1,-1
390,148,1481.39,713.30,80.42,243.34,1,-1,-1,-1
390,162,1370.61,568.69,39.20,119.39,1,-1,-1,-1
390,166,1218.65,641.48,77.40,234.29,1,-1,-1,-1
391,115,1415.80,755.20,91.69,277.25,1,-1,-1,-1
391,148,1474.11,719.33,79.54,240.69,1,-1,-1,-1
391,162,1365.20,567.55,40.86,124.44,1,-1,-1,-1
391,166,1205.20,641.07,79.07,239.35,1,-1,-1,-1
392,115,1409.40,756.20,87.46,264.46,1,-1,-1,-1
392,148,1461.09,721.40,79.24,239.77,1,-1,-1,-1
392,162,1361.24,563.59,43.47,132.40,1,-1,-1,-1
392,166,1200.44,640.93,79.58,240.88,1,-1,-1,-1
393,115,1402.05,752.54,94.15,284.66,1,-1,-1,-1
393,148,1455.20,724.17,79.38,240.20,1,-1,-1,-1
393,162,1357.51,563.14,43.56,132.66,1,-1,-1,-1
393,166,1188.09,640.89,79.67,241.15,1,-1,-1,-1
394,115,1398.24,766.08,92.40,279.36,1,-1,-1,-1
394,162,1345.20,561.81,44.64,135.96,1,-1,-1,-1
394,166,1180.66,652.26,76.05,230.21,1,-1,-1,-1
395,115,1385.24,769.05,95.91,289.94,1,-1,-1,-1
395,162,1338.16,566.43,40.98,124.84,1,-1,-1,-1
395,166,1173.68,653.74,76.68,232.10,1,-1,-1,-1
396,115,1380.41,770.12,97.22,293.87,1,-1,-1,-1
396,148,1412.54,722.42,79.09,239.31,1,-1,-1,-1
396,162,1331.48,563.68,45.81,139.53,1,-1,-1,-1
397,115,1365.99,770.45,97.70,295.31,1,-1,-1,-1
397,148,1404.62,724.38,79.17,239.56,1,-1,-1,-1
397,162,1323.22,560.16,43.45,132.34,1,-1,-1,-1
397,166,1153.98,656.96,78.82,238.56,1,-1,-1,-1
398,115,1360.54,770.50,97.86,295.77,1,-1,-1,-1
398,162,1314.56,558.73,42.45,129.29,1,-1,-1,-1
398,166,1137.15,654.50,83.03,251.29,1,-1,-1,-1
399,115,1345.86,770.44,97.90,295.86,1,-1,-1,-1
399,162,1306.29,565.29,40.20,122.46,1,-1,-1,-1
399,166,1123.66,656.50,80.80,244.52,1,-1,-1,-1
400,115,1340.12,772.42,98.70,298.29,1,-1,-1,-1
400,162,1298.08,567.79,39.35,119.90,1,-1,-1,-1
400,166,1115.25,654.35,83.62,253.03,1,-1,-1,-1
400,171,1705.16,587.98,62.99,190.93,1,-1,-1,-1
401,162,1289.95,568.69,39.05,118.99,1,-1,-1,-1
401,166,1106.19,655.19,84.59,255.99,1,-1,-1,-1
401,171,1700.88,586.22,67.24,203.83,1,-1,-1,-1
402,115,1305.90,786.75,97.94,295.98,1,-1,-1,-1
402,162,1274.56,561.92,40.82,124.41,1,-1,-1,-1
402,171,1689.80,585.67,68.70,208.24,1,-1,-1,-1
403,115,1300.24,789.13,97.81,295.57,1,-1,-1,-1
403,162,1265.77,561.18,39.64,120.81,1,-1,-1,-1
403,166,1085.10,635.74,95.48,288.86,1,-1,-1,-1
403,171,1684.69,584.51,70.33,213.19,1,-1,-1,-1
404,115,1292.89,791.88,98.37,297.25,1,-1,-1,-1
404,162,1257.42,560.91,39.18,119.42,1,-1,-1,-1
404,166,1077.08,648.14,101.83,308.02,1,-1,-1,-1
405,162,1246.18,559.05,40.88,124.61,1,-1,-1,-1
405,166,1065.92,649.99,99.81,301.86,1,-1,-1,-1
405,172,1429.07,550.53,50.97,154.89,1,-1,-1,-1
406,162,1234.84,560.11,39.68,120.95,1,-1,-1,-1
406,166,1049.16,650.74,98.89,299.04,1,-1,-1,-1
406,172,1420.66,551.92,49.12,149.27,1,-1,-1,-1
407,162,1220.24,560.56,39.21,119.52,1,-1,-1,-1
407,166,1033.44,658.50,94.27,285.07,1,-1,-1,-1
407,172,1406.80,546.18,53.77,163.38,1,-1,-1,-1
408,162,1209.80,560.74,39.03,119.00,1,-1,-1,-1
408,166,1015.78,661.50,92.42,279.43,1,-1,-1,-1
408,172,1395.84,548.30,52.74,160.25,1,-1,-1,-1
409,162,1195.66,560.81,38.97,118.83,1,-1,-1,-1
409,166,992.49,655.01,95.98,290.18,1,-1,-1,-1
409,172,1383.18,545.17,54.85,166.65,1,-1,-1,-1
410,162,1180.14,560.85,38.95,118.78,1,-1,-1,-1
410,166,965.25,660.03,93.10,281.45,1,-1,-1,-1
410,172,1373.96,544.10,55.70,169.25,1,-1,-1,-1
411,162,1169.36,560.87,38.95,118.77,1,-1,-1,-1
411,166,937.56,657.31,100.79,304.67,1,-1,-1,-1
412,162,1155.13,560.89,38.95,118.79,1,-1,-1,-1
412,166,912.97,665.96,99.17,299.76,1,-1,-1,-1
412,172,1351.06,550.96,49.66,150.90,1,-1,-1,-1
413,162,1139.62,560.90,38.95,118.80,1,-1,-1,-1
413,166,891.00,669.45,98.45,297.54,1,-1,-1,-1
413,172,1341.32,550.93,49.61,150.77,1,-1,-1,-1
414,162,1128.87,560.91,38.96,118.82,1,-1,-1,-1
414,166,868.40,677.43,93.88,283.74,1,-1,-1,-1
414,172,1322.54,550.10,51.37,156.11,1,-1,-1,-1
415,162,1114.69,560.92,38.96,118.84,1,-1,-1,-1
415,166,836.34,673.65,96.40,291.35,1,-1,-1,-1
415,172,1311.75,549.98,51.54,156.61,1,-1,-1,-1
416,162,1099.22,560.93,38.97,118.85,1,-1,-1,-1
416,166,812.10,672.25,97.32,294.10,1,-1,-1,-1
417,162,1083.27,560.93,38.97,118.87,1,-1,-1,-1
417,166,790.59,671.67,97.65,295.10,1,-1,-1,-1
418,162,1071.22,560.83,38.90,118.65,1,-1,-1,-1
418,166,770.15,671.40,97.76,295.41,1,-1,-1,-1
419,162,1048.29,546.82,46.00,140.26,1,-1,-1,-1
419,166,750.15,671.27,97.78,295.46,1,-1,-1,-1
420,162,1031.91,548.17,43.60,132.96,1,-1,-1,-1
420,166,717.49,684.01,97.77,295.42,1,-1,-1,-1
421,162,1014.83,548.81,42.58,129.82,1,-1,-1,-1
421,166,683.84,679.82,102.33,309.15,1,-1,-1,-1
422,162,995.87,551.20,40.34,123.00,1,-1,-1,-1
422,166,655.16,687.08,99.54,300.71,1,-1,-1,-1
423,162,977.40,545.65,43.36,132.21,1,-1,-1,-1
423,166,619.09,689.90,98.38,297.22,1,-1,-1,-1
424,162,956.47,547.84,42.51,129.61,1,-1,-1,-1
424,166,580.43,690.91,97.93,295.86,1,-1,-1,-1
425,162,937.66,543.19,42.16,128.52,1,-1,-1,-1
425,166,551.84,700.14,89.48,270.34,1,-1,-1,-1
426,162,919.82,547.06,42.02,128.09,1,-1,-1,-1
426,166,507.95,687.21,104.57,315.89,1,-1,-1,-1
427,162,899.54,550.67,40.11,122.29,1,-1,-1,-1
427,166,471.40,694.10,104.94,317.00,1,-1,-1,-1
428,162,878.28,549.94,41.25,125.77,1,-1,-1,-1
428,166,424.20,685.58,115.06,347.53,1,-1,-1,-1
429,162,858.70,551.79,39.83,121.44,1,-1,-1,-1
429,166,389.17,696.36,113.85,343.84,1,-1,-1,-1
430,162,827.38,548.44,55.57,169.32,1,-1,-1,-1
430,166,346.20,711.27,108.42,327.43,1,-1,-1,-1
431,162,809.11,555.55,46.54,141.84,1,-1,-1,-1
431,166,303.04,711.36,101.62,306.91,1,-1,-1,-1
432,162,791.00,555.54,47.30,144.15,1,-1,-1,-1
432,166,260.06,717.05,103.69,313.15,1,-1,-1,-1
433,166,227.38,719.57,104.25,314.82,1,-1,-1,-1
434,189,1484.43,586.01,68.64,207.93,1,-1,-1,-1
435,162,723.12,560.26,40.47,123.36,1,-1,-1,-1
435,189,1460.93,595.52,65.21,197.55,1,-1,-1,-1
436,162,704.06,560.58,40.59,123.73,1,-1,-1,-1
436,189,1437.21,587.11,71.18,215.61,1,-1,-1,-1
437,189,1411.68,595.87,69.69,211.11,1,-1,-1,-1
438,162,654.52,558.73,41.72,127.17,1,-1,-1,-1
438,189,1390.47,597.98,72.50,219.60,1,-1,-1,-1
439,162,634.46,558.83,41.92,127.78,1,-1,-1,-1
439,189,1367.72,599.89,70.17,212.54,1,-1,-1,-1
440,189,1341.32,600.51,69.23,209.70,1,-1,-1,-1
440,195,1164.93,661.61,65.22,197.69,1,-1,-1,-1
441,189,1313.67,600.66,68.88,208.63,1,-1,-1,-1
441,195,1140.49,658.99,71.35,216.27,1,-1,-1,-1
442,189,1285.66,600.66,68.74,208.22,1,-1,-1,-1
442,195,1118.68,666.24,69.92,211.92,1,-1,-1,-1
443,162,534.64,566.18,41.95,127.86,1,-1,-1,-1
443,189,1257.50,600.61,68.69,208.07,1,-1,-1,-1
443,195,1087.76,657.16,80.42,243.72,1,-1,-1,-1
444,162,508.81,566.88,41.94,127.82,1,-1,-1,-1
444,189,1229.30,600.54,68.67,208.00,1,-1,-1,-1
444,195,1061.25,667.16,80.39,243.62,1,-1,-1,-1
445,162,483.10,567.12,41.94,127.81,1,-1,-1,-1
445,189,1198.82,599.29,71.94,217.89,1,-1,-1,-1
445,195,1030.54,671.35,80.18,242.95,1,-1,-1,-1
446,162,457.29,567.19,41.93,127.80,1,-1,-1,-1
446,189,1170.94,595.48,76.59,231.95,1,-1,-1,-1
446,195,1003.91,672.77,76.50,231.79,1,-1,-1,-1
447,162,431.42,567.20,41.93,127.79,1,-1,-1,-1
447,189,1148.95,597.28,74.98,227.08,1,-1,-1,-1
447,195,978.63,673.39,78.54,237.93,1,-1,-1,-1
448,162,400.44,563.69,43.90,133.80,1,-1,-1,-1
448,189,1121.95,597.99,74.29,224.98,1,-1,-1,-1
448,195,948.91,673.59,79.26,240.10,1,-1,-1,-1
449,162,372.22,565.80,42.70,130.12,1,-1,-1,-1
449,189,1091.87,594.89,77.49,234.63,1,-1,-1,-1
449,195,917.42,673.62,79.49,240.77,1,-1,-1,-1
450,162,343.48,563.13,44.20,134.67,1,-1,-1,-1
450,189,1066.67,595.02,78.20,236.79,1,-1,-1,-1
450,195,885.29,684.03,79.54,240.88,1,-1,-1,-1
451,162,318.51,565.57,42.79,130.41,1,-1,-1,-1
451,195,859.13,686.63,83.23,252.04,1,-1,-1,-1
452,162,288.67,563.02,44.23,134.75,1,-1,-1,-1
452,195,827.73,687.58,84.61,256.19,1,-1,-1,-1
453,162,260.16,565.53,42.80,130.40,1,-1,-1,-1
453,195,795.19,684.06,89.04,269.55,1,-1,-1,-1
454,162,226.11,562.99,44.22,134.73,1,-1,-1,-1
454,195,756.67,688.65,94.88,287.17,1,-1,-1,-1
455,162,200.02,562.97,44.43,135.36,1,-1,-1,-1
455,195,717.34,690.42,97.15,293.97,1,-1,-1,-1
455,201,1695.28,761.36,164.42,495.60,1,-1,-1,-1
456,195,684.03,696.76,93.84,283.94,1,-1,-1,-1
456,201,1669.62,743.99,162.65,490.27,1,-1,-1,-1
457,195,641.83,684.41,101.23,306.23,1,-1,-1,-1
457,201,1638.49,737.34,161.32,486.23,1,-1,-1,-1
458,195,605.30,697.11,91.63,277.17,1,-1,-1,-1
458,201,1606.06,735.27,160.61,484.09,1,-1,-1,-1
459,195,560.19,693.30,95.83,289.86,1,-1,-1,-1
459,201,1573.42,734.79,160.22,482.90,1,-1,-1,-1
460,195,515.35,696.60,101.83,307.93,1,-1,-1,-1
460,201,1548.70,730.31,162.16,488.76,1,-1,-1,-1
461,195,477.14,705.71,99.70,301.46,1,-1,-1,-1
462,195,421.03,718.99,108.15,326.96,1,-1,-1,-1
462,201,1476.82,762.12,159.96,482.10,1,-1,-1,-1
463,195,383.00,733.23,106.60,322.21,1,-1,-1,-1
463,201,1438.81,772.75,152.23,458.78,1,-1,-1,-1
464,195,347.94,737.08,108.38,327.61,1,-1,-1,-1
464,201,1406.20,776.33,149.60,450.86,1,-1,-1,-1
465,201,1369.66,798.73,141.99,427.92,1,-1,-1,-1
466,201,1339.69,802.96,140.95,424.81,1,-1,-1,-1
468,195,110.64,752.76,119.53,361.22,1,-1,-1,-1
469,195,69.07,756.63,121.58,367.42,1,-1,-1,-1
470,215,299.15,672.14,80.53,243.62,1,-1,-1,-1
471,215,251.92,670.45,83.52,252.67,1,-1,-1,-1
472,215,214.30,672.18,80.46,243.40,1,-1,-1,-1
473,215,186.58,672.38,80.11,242.34,1,-1,-1,-1
474,215,119.33,664.32,88.94,269.06,1,-1,-1,-1
475,215,77.88,662.78,90.62,274.11,1,-1,-1,-1
476,215,28.01,667.61,95.53,288.94,1,-1,-1,-1
476,216,150.62,693.59,94.52,285.64,1,-1,-1,-1
477,215,-9.46,667.08,97.32,294.33,1,-1,-1,-1
477,216,132.47,693.23,97.04,293.25,1,-1,-1,-1
485,218,1726.06,652.21,88.18,266.48,1,-1,-1,-1
486,218,1712.78,653.56,86.13,260.30,1,-1,-1,-1
513,243,1621.11,661.61,65.22,197.69,1,-1,-1,-1
514,243,1582.37,673.17,64.18,194.56,1,-1,-1,-1
514,247,333.96,741.21,112.04,338.41,1,-1,-1,-1
515,243,1541.03,671.62,67.25,203.83,1,-1,-1,-1
515,247,330.72,745.49,114.12,344.69,1,-1,-1,-1
516,243,1507.94,678.25,62.09,188.22,1,-1,-1,-1
517,243,1478.48,673.02,66.52,201.62,1,-1,-1,-1
518,243,1446.04,676.14,64.88,196.65,1,-1,-1,-1
519,243,1411.00,672.32,67.38,204.22,1,-1,-1,-1
519,257,1346.17,674.99,65.18,197.43,1,-1,-1,-1
520,243,1381.76,673.48,67.64,205.01,1,-1,-1,-1
520,257,1305.73,671.30,67.54,204.59,1,-1,-1,-1
520,258,1756.18,736.17,90.90,274.69,1,-1,-1,-1
521,243,1342.41,686.49,64.84,196.53,1,-1,-1,-1
521,257,1277.41,677.61,61.90,187.51,1,-1,-1,-1
521,258,1721.75,731.47,95.75,289.37,1,-1,-1,-1
522,243,1310.84,685.23,67.41,204.30,1,-1,-1,-1
522,257,1240.75,677.44,63.07,191.08,1,-1,-1,-1
522,258,1694.63,734.36,92.76,280.33,1,-1,-1,-1
523,243,1281.76,684.82,68.27,206.90,1,-1,-1,-1
523,257,1202.20,677.36,63.47,192.28,1,-1,-1,-1
523,258,1660.14,735.53,91.55,276.67,1,-1,-1,-1
524,243,1249.56,688.71,65.57,198.72,1,-1,-1,-1
524,257,1162.44,672.32,66.83,202.46,1,-1,-1,-1
524,258,1622.57,747.68,82.88,250.49,1,-1,-1,-1
525,243,1214.88,685.93,67.59,204.83,1,-1,-1,-1
525,257,1130.30,670.49,68.04,206.14,1,-1,-1,-1
525,258,1585.57,740.05,88.19,266.52,1,-1,-1,-1
526,243,1181.64,677.90,71.55,216.82,1,-1,-1,-1
526,257,1093.92,671.92,71.80,217.50,1,-1,-1,-1
526,258,1557.09,720.13,94.29,284.95,1,-1,-1,-1
527,243,1150.49,674.84,73.05,221.34,1,-1,-1,-1
527,257,1069.78,679.42,69.98,211.98,1,-1,-1,-1
527,258,1527.15,717.68,92.30,278.93,1,-1,-1,-1
528,243,1116.73,689.48,70.43,213.40,1,-1,-1,-1
528,257,1034.34,682.39,69.22,209.69,1,-1,-1,-1
528,258,1498.18,711.77,95.84,289.62,1,-1,-1,-1
529,243,1086.69,695.23,69.37,210.18,1,-1,-1,-1
529,257,1003.77,683.47,68.92,208.79,1,-1,-1,-1
529,258,1462.40,709.66,97.13,293.52,1,-1,-1,-1
530,243,1045.98,691.79,75.70,229.34,1,-1,-1,-1
530,257,971.92,686.61,72.07,218.31,1,-1,-1,-1
530,258,1436.85,721.82,97.61,294.94,1,-1,-1,-1
531,243,1010.80,690.54,78.02,236.33,1,-1,-1,-1
531,257,945.63,694.04,70.04,212.15,1,-1,-1,-1
531,258,1401.21,730.71,93.48,282.49,1,-1,-1,-1
532,243,983.43,698.68,75.54,228.79,1,-1,-1,-1
532,257,909.37,696.91,69.21,209.64,1,-1,-1,-1
532,258,1377.05,730.01,96.21,290.71,1,-1,-1,-1
533,243,947.26,703.41,77.97,236.14,1,-1,-1,-1
533,257,878.46,707.08,68.89,208.67,1,-1,-1,-1
533,258,1343.06,729.76,97.20,293.69,1,-1,-1,-1
534,243,913.71,705.14,78.87,238.84,1,-1,-1,-1
534,257,847.45,709.82,69.00,209.00,1,-1,-1,-1
534,258,1320.46,733.79,93.30,281.91,1,-1,-1,-1
535,243,877.63,705.15,82.86,250.89,1,-1,-1,-1
535,257,810.59,711.64,68.75,208.25,1,-1,-1,-1
535,258,1289.70,723.87,100.76,304.43,1,-1,-1,-1
536,243,842.62,705.13,84.38,255.45,1,-1,-1,-1
536,257,779.04,714.28,68.82,208.48,1,-1,-1,-1
536,258,1261.26,727.33,98.97,299.01,1,-1,-1,-1
537,243,809.73,702.08,88.85,268.94,1,-1,-1,-1
537,247,1036.37,570.55,40.00,121.08,1,-1,-1,-1
537,257,740.44,706.91,81.15,245.77,1,-1,-1,-1
537,258,1227.82,721.58,102.79,310.52,1,-1,-1,-1
538,243,774.23,714.65,86.71,262.42,1,-1,-1,-1
538,247,1023.04,574.97,41.90,126.97,1,-1,-1,-1
538,257,708.25,708.66,82.33,249.33,1,-1,-1,-1
538,258,1202.23,719.44,104.21,314.80,1,-1,-1,-1
539,243,739.37,719.65,85.78,259.59,1,-1,-1,-1
539,247,1047.60,569.23,39.50,119.70,1,-1,-1,-1
539,257,658.59,705.67,84.34,255.39,1,-1,-1,-1
539,258,1179.39,725.75,100.21,302.71,1,-1,-1,-1
540,243,704.82,721.50,85.40,258.42,1,-1,-1,-1
540,257,625.07,716.15,81.26,246.02,1,-1,-1,-1
540,258,1144.42,721.02,103.21,311.78,1,-1,-1,-1
541,243,670.40,733.24,85.23,257.89,1,-1,-1,-1
541,257,591.61,718.20,82.18,248.82,1,-1,-1,-1
541,258,1111.69,723.33,109.17,329.74,1,-1,-1,-1
542,243,639.59,747.13,81.45,246.45,1,-1,-1,-1
542,258,1079.34,733.66,106.65,322.12,1,-1,-1,-1
543,243,607.16,741.25,87.75,265.47,1,-1,-1,-1
543,258,1059.42,744.09,101.01,305.07,1,-1,-1,-1
544,243,571.97,750.83,90.02,272.32,1,-1,-1,-1
544,258,1040.09,761.12,98.80,298.41,1,-1,-1,-1
544,280,906.22,582.28,41.12,125.46,1,-1,-1,-1
545,243,545.76,755.15,86.99,263.14,1,-1,-1,-1
545,257,432.81,752.36,84.78,256.64,1,-1,-1,-1
545,258,1013.60,761.94,102.62,309.92,1,-1,-1,-1
545,280,886.00,578.96,39.79,121.40,1,-1,-1,-1
546,243,502.73,756.04,89.73,271.41,1,-1,-1,-1
546,257,389.09,764.87,81.11,245.52,1,-1,-1,-1
546,258,985.83,767.49,99.48,300.45,1,-1,-1,-1
546,280,867.70,577.61,39.25,119.75,1,-1,-1,-1
547,243,469.13,759.51,90.59,274.01,1,-1,-1,-1
547,257,351.28,759.56,87.68,265.34,1,-1,-1,-1
547,258,959.91,790.48,86.11,260.11,1,-1,-1,-1
547,280,845.01,577.14,39.06,119.17,1,-1,-1,-1
548,243,410.26,745.49,101.27,306.24,1,-1,-1,-1
548,257,315.28,763.23,88.70,268.43,1,-1,-1,-1
548,258,928.47,777.15,93.65,282.89,1,-1,-1,-1
548,280,825.95,575.92,40.96,124.98,1,-1,-1,-1
549,243,367.33,747.65,108.65,328.49,1,-1,-1,-1
549,258,904.72,772.97,96.06,290.17,1,-1,-1,-1
549,280,808.08,575.49,41.64,127.03,1,-1,-1,-1
550,243,335.97,756.79,106.79,322.83,1,-1,-1,-1
550,258,879.58,791.85,85.08,257.05,1,-1,-1,-1
550,280,784.87,575.35,41.88,127.76,1,-1,-1,-1
551,243,297.81,765.67,101.43,306.61,1,-1,-1,-1
551,258,847.60,757.35,98.09,296.34,1,-1,-1,-1
551,280,765.38,575.31,41.96,128.00,1,-1,-1,-1
552,243,258.74,769.03,99.27,300.05,1,-1,-1,-1
552,258,822.65,759.50,102.32,309.07,1,-1,-1,-1
552,280,747.35,575.31,41.98,128.05,1,-1,-1,-1
553,243,219.38,783.05,98.44,297.51,1,-1,-1,-1
553,258,791.13,765.63,99.54,300.68,1,-1,-1,-1
553,280,729.87,575.32,41.98,128.04,1,-1,-1,-1
554,243,179.91,788.24,98.10,296.47,1,-1,-1,-1
554,258,761.79,762.74,102.97,311.04,1,-1,-1,-1
554,280,712.61,575.33,41.97,128.00,1,-1,-1,-1
555,243,143.17,792.26,98.88,298.83,1,-1,-1,-1
555,258,743.87,766.92,99.73,301.25,1,-1,-1,-1
555,280,695.42,575.35,41.96,127.96,1,-1,-1,-1
556,258,718.07,763.20,103.02,311.17,1,-1,-1,-1
556,280,674.00,572.26,43.94,133.99,1,-1,-1,-1
557,243,30.29,820.25,103.78,313.61,1,-1,-1,-1
557,258,695.31,761.82,104.23,314.82,1,-1,-1,-1
557,280,659.45,574.15,42.73,130.28,1,-1,-1,-1
557,283,732.40,516.71,37.72,114.98,1,-1,-1,-1
558,243,-9.65,825.89,104.83,316.78,1,-1,-1,-1
558,258,669.96,766.57,100.15,302.48,1,-1,-1,-1
558,280,637.46,571.83,44.22,134.82,1,-1,-1,-1
558,283,716.42,513.28,38.91,118.62,1,-1,-1,-1
559,258,648.40,768.43,98.52,297.55,1,-1,-1,-1
559,280,623.67,570.97,44.78,136.49,1,-1,-1,-1
559,283,706.34,510.33,39.89,121.60,1,-1,-1,-1
560,258,615.28,782.05,97.90,295.69,1,-1,-1,-1
560,280,603.37,571.62,47.09,143.50,1,-1,-1,-1
560,283,683.60,491.27,44.22,134.79,1,-1,-1,-1
561,258,589.04,760.11,107.21,323.78,1,-1,-1,-1
561,280,587.86,570.92,45.89,139.84,1,-1,-1,-1
561,283,672.91,518.32,34.85,106.28,1,-1,-1,-1
562,258,560.11,755.30,115.72,349.45,1,-1,-1,-1
562,280,571.59,571.64,47.51,144.75,1,-1,-1,-1
562,283,657.91,514.14,37.91,115.61,1,-1,-1,-1
563,258,534.05,753.40,119.09,359.58,1,-1,-1,-1
563,280,553.02,576.84,46.02,140.21,1,-1,-1,-1
563,283,642.36,512.89,38.80,118.31,1,-1,-1,-1
564,258,509.18,752.67,120.40,363.49,1,-1,-1,-1
564,280,539.19,581.60,43.43,132.31,1,-1,-1,-1
564,283,629.13,511.45,39.29,119.83,1,-1,-1,-1
565,258,478.46,763.60,115.70,349.31,1,-1,-1,-1
565,280,522.68,582.11,46.61,141.99,1,-1,-1,-1
566,258,452.83,767.96,113.78,343.49,1,-1,-1,-1
566,280,504.13,582.29,47.75,145.42,1,-1,-1,-1
567,258,433.50,773.97,118.29,357.07,1,-1,-1,-1
567,280,487.62,580.96,46.09,140.38,1,-1,-1,-1
568,258,411.11,776.20,119.96,362.09,1,-1,-1,-1
568,280,469.93,586.44,45.42,138.32,1,-1,-1,-1
569,258,385.49,787.27,115.39,348.28,1,-1,-1,-1
569,280,453.60,583.87,47.30,144.02,1,-1,-1,-1
570,258,361.84,791.58,113.53,342.67,1,-1,-1,-1
570,280,434.77,582.57,50.23,152.93,1,-1,-1,-1
571,258,323.14,798.59,118.10,356.45,1,-1,-1,-1
571,280,421.15,582.07,51.36,156.34,1,-1,-1,-1
572,258,296.24,800.94,119.05,359.31,1,-1,-1,-1
572,280,402.87,581.85,51.80,157.64,1,-1,-1,-1
573,280,382.73,581.76,51.95,158.08,1,-1,-1,-1
574,280,368.67,588.52,52.00,158.20,1,-1,-1,-1
575,280,354.16,590.99,49.75,151.35,1,-1,-1,-1
576,280,338.29,592.04,51.15,155.59,1,-1,-1,-1
577,280,319.13,590.59,54.07,164.46,1,-1,-1,-1
578,280,305.32,591.82,52.81,160.60,1,-1,-1,-1
579,280,285.52,590.44,54.71,166.35,1,-1,-1,-1
580,280,271.11,589.92,55.42,168.48,1,-1,-1,-1
581,280,251.50,589.69,55.68,169.26,1,-1,-1,-1
582,280,237.15,589.59,55.77,169.50,1,-1,-1,-1
583,280,224.84,596.85,55.79,169.54,1,-1,-1,-1
584,280,207.62,596.09,58.38,177.40,1,-1,-1,-1
585,280,193.63,595.78,59.36,180.34,1,-1,-1,-1
586,280,180.92,595.64,59.72,181.43,1,-1,-1,-1
587,280,168.65,606.35,57.27,173.95,1,-1,-1,-1
587,287,1774.40,592.14,51.78,157.34,1,-1,-1,-1
588,280,149.76,610.51,56.28,170.93,1,-1,-1,-1
588,287,1771.82,585.39,57.53,174.82,1,-1,-1,-1
589,280,134.19,608.98,58.53,177.75,1,-1,-1,-1
589,287,1769.01,576.13,62.41,189.60,1,-1,-1,-1
590,280,120.84,608.39,59.36,180.27,1,-1,-1,-1
590,287,1769.94,571.41,61.33,186.33,1,-1,-1,-1
591,280,105.06,602.65,62.45,189.61,1,-1,-1,-1
591,287,1762.21,569.81,60.73,184.46,1,-1,-1,-1
592,280,91.04,608.70,63.62,193.15,1,-1,-1,-1
592,287,1763.88,574.15,57.73,175.34,1,-1,-1,-1
593,280,77.73,611.07,64.07,194.47,1,-1,-1,-1
593,287,1768.41,571.17,59.24,179.93,1,-1,-1,-1
594,280,58.76,604.33,67.19,203.91,1,-1,-1,-1
594,287,1773.93,574.82,57.12,173.48,1,-1,-1,-1
594,290,329.82,530.12,37.20,113.80,1,-1,-1,-1
595,280,42.92,610.58,68.38,207.47,1,-1,-1,-1
595,287,1772.19,579.76,58.94,179.00,1,-1,-1,-1
595,290,326.38,532.45,33.79,103.38,1,-1,-1,-1
596,280,28.30,613.03,68.82,208.78,1,-1,-1,-1
596,287,1771.55,581.59,59.60,180.97,1,-1,-1,-1
596,290,321.75,529.92,37.63,115.11,1,-1,-1,-1
597,280,21.87,620.97,66.01,200.23,1,-1,-1,-1
597,287,1775.17,586.43,57.20,173.68,1,-1,-1,-1
597,290,314.88,529.12,38.85,118.84,1,-1,-1,-1
598,280,12.20,625.99,67.89,205.91,1,-1,-1,-1
598,287,1776.59,580.80,56.23,170.74,1,-1,-1,-1
598,290,312.38,528.84,39.27,120.09,1,-1,-1,-1
599,280,-0.14,627.96,71.76,217.61,1,-1,-1,-1
599,287,1779.93,575.30,61.38,186.36,1,-1,-1,-1
599,290,306.28,528.76,39.38,120.40,1,-1,-1,-1
600,280,-4.67,634.89,67.18,203.70,1,-1,-1,-1
600,287,1782.40,572.09,60.51,183.71,1,-1,-1,-1
600,290,304.12,528.76,39.38,120.39,1,-1,-1,-1
601,280,-18.23,637.17,67.71,205.34,1,-1,-1,-1
601,287,1783.37,570.85,60.12,182.50,1,-1,-1,-1
601,290,298.17,528.77,39.35,120.28,1,-1,-1,-1
602,287,1782.42,571.68,62.76,190.50,1,-1,-1,-1
602,290,296.05,534.06,39.31,120.15,1,-1,-1,-1
603,287,1783.61,562.59,66.71,202.44,1,-1,-1,-1
603,290,292.47,533.19,41.13,125.68,1,-1,-1,-1
604,287,1790.75,568.40,65.30,198.16,1,-1,-1,-1
604,290,288.91,535.70,39.99,122.17,1,-1,-1,-1
605,287,1791.90,567.18,66.10,200.56,1,-1,-1,-1
605,290,287.70,536.68,39.49,120.65,1,-1,-1,-1
606,290,282.11,537.04,39.29,120.03,1,-1,-1,-1
607,290,280.12,537.16,39.21,119.75,1,-1,-1,-1
608,290,279.49,537.19,39.16,119.61,1,-1,-1,-1
609,290,279.36,537.19,39.14,119.52,1,-1,-1,-1
610,290,274.19,531.95,39.12,119.46,1,-1,-1,-1
611,290,272.33,529.95,39.11,119.41,1,-1,-1,-1
612,287,1818.66,592.89,60.36,183.16,1,-1,-1,-1
612,290,271.72,529.20,39.09,119.36,1,-1,-1,-1
613,287,1820.59,597.45,62.96,191.03,1,-1,-1,-1
613,290,266.36,528.93,39.09,119.33,1,-1,-1,-1
614,287,1829.77,598.78,63.70,193.23,1,-1,-1,-1
614,290,264.42,528.84,39.08,119.29,1,-1,-1,-1
615,287,1841.65,599.25,63.97,194.04,1,-1,-1,-1
615,290,263.78,528.82,39.07,119.27,1,-1,-1,-1
616,287,1850.73,600.11,67.08,203.45,1,-1,-1,-1
616,290,258.41,528.82,39.06,119.24,1,-1,-1,-1
617,287,1855.05,601.27,67.67,205.23,1,-1,-1,-1
617,290,256.46,528.83,39.06,119.22,1,-1,-1,-1
618,290,250.60,528.85,39.05,119.19,1,-1,-1,-1
619,290,248.46,528.86,39.05,119.18,1,-1,-1,-1
620,290,247.75,528.87,39.04,119.16,1,-1,-1,-1
621,290,242.43,525.64,40.88,124.76,1,-1,-1,-1
622,290,240.41,527.62,39.76,121.33,1,-1,-1,-1
623,290,239.77,533.68,39.30,119.94,1,-1,-1,-1
624,290,239.62,530.71,39.13,119.40,1,-1,-1,-1
625,290,239.65,534.82,39.06,119.19,1,-1,-1,-1
626,290,234.19,533.50,40.88,124.74,1,-1,-1,-1
627,290,237.63,540.96,39.75,121.28,1,-1,-1,-1
628,290,233.88,543.90,39.29,119.87,1,-1,-1,-1
629,290,232.54,550.22,39.11,119.34,1,-1,-1,-1
630,290,231.79,550.44,40.90,124.77,1,-1,-1,-1
630,297,1333.09,519.62,39.75,121.15,1,-1,-1,-1
631,290,236.99,552.58,39.75,121.26,1,-1,-1,-1
631,297,1338.23,519.79,39.04,118.98,1,-1,-1,-1
632,290,239.15,553.36,39.28,119.84,1,-1,-1,-1
633,290,239.99,553.60,39.10,119.31,1,-1,-1,-1
634,290,240.34,553.65,39.04,119.11,1,-1,-1,-1
635,290,240.50,553.63,39.01,119.03,1,-1,-1,-1
636,290,240.59,558.82,39.00,119.00,1,-1,-1,-1
637,290,239.97,555.11,42.83,130.66,1,-1,-1,-1
637,297,1392.59,536.73,38.97,118.79,1,-1,-1,-1
638,290,245.43,559.18,40.55,123.69,1,-1,-1,-1
638,297,1400.46,538.75,38.75,118.11,1,-1,-1,-1
639,290,247.74,560.80,39.58,120.73,1,-1,-1,-1
640,290,249.04,559.60,41.08,125.29,1,-1,-1,-1
641,290,249.51,564.67,41.63,126.96,1,-1,-1,-1
642,290,254.43,567.96,40.01,122.03,1,-1,-1,-1
642,297,1434.41,543.49,44.33,135.10,1,-1,-1,-1
643,290,255.06,569.52,40.05,122.15,1,-1,-1,-1
643,297,1442.50,545.21,44.68,136.18,1,-1,-1,-1
646,290,265.59,567.80,41.64,126.98,1,-1,-1,-1
646,297,1481.96,564.69,42.39,129.18,1,-1,-1,-1
647,290,272.59,567.54,41.83,127.56,1,-1,-1,-1
647,297,1491.15,567.46,42.50,129.52,1,-1,-1,-1
648,290,275.03,567.45,41.90,127.76,1,-1,-1,-1
649,290,276.85,558.06,46.01,140.26,1,-1,-1,-1
650,290,282.00,563.60,43.59,132.87,1,-1,-1,-1
651,290,289.62,565.91,42.55,129.70,1,-1,-1,-1
652,290,294.09,557.23,44.14,134.55,1,-1,-1,-1
653,290,296.81,557.00,44.42,135.40,1,-1,-1,-1
657,290,333.91,574.81,39.72,121.07,1,-1,-1,-1
658,290,343.14,582.41,39.19,119.47,1,-1,-1,-1
659,290,348.17,584.11,39.01,118.93,1,-1,-1,-1
665,306,373.72,416.75,95.98,289.90,1,-1,-1,-1
666,306,375.83,414.16,97.31,293.91,1,-1,-1,-1
667,290,423.20,582.69,47.75,145.53,1,-1,-1,-1
667,306,379.01,410.64,98.28,296.86,1,-1,-1,-1
668,290,430.64,583.35,48.28,147.14,1,-1,-1,-1
670,310,395.65,512.15,26.78,82.44,1,-1,-1,-1
671,310,401.30,509.90,27.24,83.86,1,-1,-1,-1
672,310,407.19,505.27,27.38,84.27,1,-1,-1,-1
673,310,411.00,502.16,27.76,85.46,1,-1,-1,-1
674,310,418.73,498.85,27.41,84.37,1,-1,-1,-1
675,310,423.20,495.70,27.67,85.18,1,-1,-1,-1
681,290,599.52,591.95,48.39,147.40,1,-1,-1,-1
682,290,614.97,609.81,45.97,140.02,1,-1,-1,-1
683,290,626.06,602.72,45.27,137.86,1,-1,-1,-1
684,290,633.41,589.37,47.19,143.68,1,-1,-1,-1
685,290,648.72,584.47,47.89,145.81,1,-1,-1,-1
686,290,666.42,578.28,44.06,134.14,1,-1,-1,-1
687,290,677.22,565.76,49.16,149.63,1,-1,-1,-1
688,290,696.22,562.67,48.68,148.18,1,-1,-1,-1
689,290,715.34,560.31,50.75,154.44,1,-1,-1,-1
690,290,728.52,557.67,51.18,155.76,1,-1,-1,-1
691,290,756.41,567.18,51.69,157.28,1,-1,-1,-1
692,290,771.34,569.17,51.86,157.77,1,-1,-1,-1
692,310,497.16,472.64,38.65,118.76,1,-1,-1,-1
693,290,783.13,567.09,54.35,165.32,1,-1,-1,-1
693,310,501.53,470.98,39.23,120.54,1,-1,-1,-1
694,290,797.34,565.69,54.94,167.11,1,-1,-1,-1
694,310,505.30,472.08,39.05,119.84,1,-1,-1,-1
695,310,509.64,470.59,39.58,121.47,1,-1,-1,-1
697,290,848.25,575.72,55.65,169.23,1,-1,-1,-1
697,310,520.59,472.04,39.15,120.03,1,-1,-1,-1
698,290,863.05,575.34,56.17,170.79,1,-1,-1,-1
698,310,525.08,470.85,39.58,121.34,1,-1,-1,-1
699,310,529.19,472.24,39.12,119.83,1,-1,-1,-1
700,310,538.11,491.30,34.16,104.64,1,-1,-1,-1
701,310,543.82,494.35,33.88,103.78,1,-1,-1,-1
701,318,708.00,477.00,19.00,59.00,1,-1,-1,-1
702,290,944.34,592.97,59.38,180.49,1,-1,-1,-1
702,310,546.30,485.78,37.17,113.79,1,-1,-1,-1
702,318,709.58,477.00,19.00,59.00,1,-1,-1,-1
703,290,954.44,598.43,56.98,173.18,1,-1,-1,-1
703,310,552.29,487.78,38.36,117.39,1,-1,-1,-1
704,290,962.84,596.72,58.79,178.64,1,-1,-1,-1
704,310,557.07,487.86,38.70,118.44,1,-1,-1,-1
704,318,723.96,469.52,23.10,71.71,1,-1,-1,-1
705,290,978.09,597.77,59.28,180.12,1,-1,-1,-1
705,310,559.04,498.95,35.07,107.33,1,-1,-1,-1
705,318,727.75,468.04,23.91,74.21,1,-1,-1,-1
706,310,556.32,492.39,37.72,115.39,1,-1,-1,-1
706,318,735.76,480.82,20.30,63.01,1,-1,-1,-1
707,310,560.74,495.46,38.58,117.99,1,-1,-1,-1
707,318,737.86,483.92,19.44,60.34,1,-1,-1,-1
708,290,1049.30,620.27,56.23,170.83,1,-1,-1,-1
708,310,564.96,504.63,35.63,108.98,1,-1,-1,-1
708,318,741.28,487.61,19.18,59.53,1,-1,-1,-1
709,290,1066.47,622.78,56.37,171.27,1,-1,-1,-1
709,310,568.91,505.91,35.66,109.06,1,-1,-1,-1
709,318,745.07,491.60,19.08,59.23,1,-1,-1,-1
710,310,569.88,511.72,38.21,116.82,1,-1,-1,-1
710,318,749.00,493.06,19.12,59.35,1,-1,-1,-1
711,290,1105.00,614.26,62.76,190.60,1,-1,-1,-1
711,310,570.61,518.37,38.77,118.51,1,-1,-1,-1
712,290,1118.69,625.98,60.91,184.97,1,-1,-1,-1
712,310,575.97,520.82,38.98,119.13,1,-1,-1,-1
712,318,755.74,501.61,20.22,62.75,1,-1,-1,-1
713,290,1131.21,630.38,60.20,182.77,1,-1,-1,-1
713,310,577.92,521.70,39.06,119.34,1,-1,-1,-1
713,318,759.55,503.67,20.36,63.21,1,-1,-1,-1
714,290,1163.06,638.62,65.74,199.55,1,-1,-1,-1
714,310,578.55,527.15,39.08,119.40,1,-1,-1,-1
714,318,761.52,508.28,19.34,60.03,1,-1,-1,-1
715,290,1181.17,641.51,66.54,201.97,1,-1,-1,-1
715,310,578.69,529.17,39.08,119.39,1,-1,-1,-1
715,318,765.16,510.58,19.38,60.15,1,-1,-1,-1
715,321,1426.66,526.70,23.62,72.87,1,-1,-1,-1
716,310,578.64,535.07,39.08,119.37,1,-1,-1,-1
716,321,1433.00,524.10,23.62,72.87,1,-1,-1,-1
717,290,1211.06,628.94,64.68,196.30,1,-1,-1,-1
717,310,578.53,537.24,39.07,119.34,1,-1,-1,-1
717,321,1438.61,527.82,22.46,69.29,1,-1,-1,-1
718,290,1228.71,630.50,65.23,197.95,1,-1,-1,-1
718,310,583.60,537.98,39.07,119.31,1,-1,-1,-1
718,318,773.35,509.98,19.06,59.17,1,-1,-1,-1
718,321,1443.60,525.81,22.06,68.05,1,-1,-1,-1
719,310,585.46,538.19,39.06,119.28,1,-1,-1,-1
719,318,776.91,508.36,19.98,62.02,1,-1,-1,-1
719,321,1451.26,527.94,24.29,74.92,1,-1,-1,-1
720,310,586.08,543.40,39.06,119.26,1,-1,-1,-1
720,318,780.76,511.85,19.38,60.16,1,-1,-1,-1
720,321,1457.29,525.17,25.04,77.25,1,-1,-1,-1
721,290,1298.22,637.47,64.29,195.08,1,-1,-1,-1
721,310,585.62,542.81,40.89,124.84,1,-1,-1,-1
721,318,784.73,513.14,19.14,59.42,1,-1,-1,-1
721,321,1462.89,524.07,25.33,78.13,1,-1,-1,-1
722,290,1314.35,640.43,74.34,225.48,1,-1,-1,-1
722,310,586.01,545.01,39.77,121.41,1,-1,-1,-1
722,318,786.10,513.57,19.05,59.14,1,-1,-1,-1
722,321,1471.65,526.55,24.30,74.94,1,-1,-1,-1
722,324,1296.76,452.50,43.70,133.05,1,-1,-1,-1
723,290,1336.25,650.57,71.20,215.91,1,-1,-1,-1
723,310,591.29,545.77,39.31,120.01,1,-1,-1,-1
723,318,791.76,513.68,19.02,59.04,1,-1,-1,-1
723,321,1477.42,526.68,24.41,75.28,1,-1,-1,-1
723,324,1302.55,454.76,42.64,129.82,1,-1,-1,-1
724,290,1353.19,654.73,69.79,211.61,1,-1,-1,-1
724,310,593.21,551.22,39.14,119.47,1,-1,-1,-1
724,318,793.79,518.93,19.01,59.00,1,-1,-1,-1
724,324,1304.54,461.80,42.17,128.40,1,-1,-1,-1
725,290,1371.92,657.31,70.44,213.59,1,-1,-1,-1
725,310,593.86,553.21,39.07,119.25,1,-1,-1,-1
725,318,797.06,520.86,19.00,58.99,1,-1,-1,-1
725,324,1311.27,464.83,39.98,121.74,1,-1,-1,-1
726,310,594.04,553.89,39.04,119.16,1,-1,-1,-1
726,318,801.92,520.71,19.91,61.80,1,-1,-1,-1
726,324,1319.47,465.02,41.23,125.56,1,-1,-1,-1
727,310,594.04,559.29,39.03,119.12,1,-1,-1,-1
727,318,805.15,526.58,19.36,60.08,1,-1,-1,-1
727,324,1324.15,462.62,43.73,133.16,1,-1,-1,-1
728,310,599.20,561.27,39.02,119.10,1,-1,-1,-1
728,318,808.87,526.20,19.13,59.39,1,-1,-1,-1
728,324,1329.93,463.96,46.79,142.49,1,-1,-1,-1
729,310,601.10,561.94,39.02,119.09,1,-1,-1,-1
729,318,810.16,526.00,19.05,59.13,1,-1,-1,-1
729,324,1334.53,465.38,47.51,144.67,1,-1,-1,-1
730,310,601.75,567.34,39.02,119.08,1,-1,-1,-1
730,318,815.78,528.49,19.02,59.03,1,-1,-1,-1
730,324,1338.71,471.24,43.37,132.06,1,-1,-1,-1
731,310,601.94,564.09,39.02,119.07,1,-1,-1,-1
731,318,820.41,526.77,19.01,59.00,1,-1,-1,-1
731,324,1343.27,473.14,43.57,132.67,1,-1,-1,-1
732,310,602.08,561.03,40.86,124.68,1,-1,-1,-1
732,318,822.05,526.06,19.00,58.99,1,-1,-1,-1
733,310,602.11,559.86,41.55,126.78,1,-1,-1,-1
733,318,825.17,525.76,19.00,58.98,1,-1,-1,-1
733,324,1355.20,473.21,42.20,128.52,1,-1,-1,-1
734,310,607.08,561.07,39.99,122.03,1,-1,-1,-1
734,318,828.85,525.61,19.00,58.98,1,-1,-1,-1
734,324,1360.78,471.23,44.10,134.30,1,-1,-1,-1
735,310,608.95,561.48,39.37,120.13,1,-1,-1,-1
735,318,830.14,525.52,19.00,58.98,1,-1,-1,-1
735,324,1364.77,472.52,42.74,130.17,1,-1,-1,-1
736,310,608.65,555.93,42.99,131.13,1,-1,-1,-1
736,318,833.13,522.84,19.00,58.99,1,-1,-1,-1
736,324,1369.59,473.70,42.80,130.36,1,-1,-1,-1
737,310,609.46,559.37,40.60,123.86,1,-1,-1,-1
737,318,836.34,523.32,18.99,58.96,1,-1,-1,-1
737,324,1363.39,458.70,47.00,143.13,1,-1,-1,-1
738,310,610.20,558.97,41.46,126.46,1,-1,-1,-1
738,318,837.81,521.04,21.22,65.86,1,-1,-1,-1
738,324,1367.15,458.32,47.46,144.53,1,-1,-1,-1
739,310,610.45,558.82,41.77,127.41,1,-1,-1,-1
739,318,838.39,523.66,19.87,61.67,1,-1,-1,-1
740,310,609.05,560.83,43.85,133.73,1,-1,-1,-1
740,318,841.08,524.69,19.32,59.97,1,-1,-1,-1
741,310,608.49,561.58,44.64,136.11,1,-1,-1,-1
741,318,842.19,524.42,20.04,62.18,1,-1,-1,-1
741,321,1594.86,560.11,25.37,78.21,1,-1,-1,-1
742,310,608.23,561.85,44.94,137.01,1,-1,-1,-1
742,318,842.56,524.31,20.30,62.99,1,-1,-1,-1
742,321,1597.76,561.23,26.68,82.19,1,-1,-1,-1
743,310,610.78,562.47,47.15,143.70,1,-1,-1,-1
743,318,845.39,527.03,20.40,63.30,1,-1,-1,-1
743,321,1601.52,564.70,25.89,79.77,1,-1,-1,-1
744,310,609.09,562.16,45.92,139.93,1,-1,-1,-1
744,318,846.40,528.06,20.44,63.40,1,-1,-1,-1
744,321,1607.50,566.60,26.80,82.53,1,-1,-1,-1
745,310,608.36,567.97,45.40,138.35,1,-1,-1,-1
745,318,846.70,528.43,20.45,63.44,1,-1,-1,-1
745,321,1611.74,566.67,25.94,79.88,1,-1,-1,-1
746,310,604.36,564.72,47.31,144.15,1,-1,-1,-1
746,318,846.74,528.56,20.46,63.44,1,-1,-1,-1
746,321,1614.68,567.22,26.82,82.56,1,-1,-1,-1
747,310,606.49,568.83,45.95,139.98,1,-1,-1,-1
747,318,846.69,528.59,20.46,63.43,1,-1,-1,-1
747,321,1620.20,568.71,26.95,82.97,1,-1,-1,-1
748,310,607.32,570.43,45.38,138.25,1,-1,-1,-1
748,318,846.60,528.58,20.46,63.42,1,-1,-1,-1
749,310,603.91,565.55,47.29,144.04,1,-1,-1,-1
749,318,849.30,528.57,20.45,63.41,1,-1,-1,-1
750,310,602.63,570.03,48.00,146.18,1,-1,-1,-1
750,318,850.27,528.54,20.45,63.40,1,-1,-1,-1
